2023
0.1 0.5 0.0 0.15 0.15 0.25 0.25 0.4 0.4
0.1 0.499 0.0 0.15 0.15 0.25 0.25 0.4 0.4
0.1 0.498 0.001 0.15 0.15 0.25 0.25 0.4 0.4
0.1 0.497 0.001 0.15 0.15 0.25 0.25 0.4 0.4
0.1 0.496 0.002 0.15 0.15 0.25 0.25 0.4 0.4
0.1 0.496 0.002 0.15 0.15 0.25 0.25 0.4 0.4
0.1 0.495 0.003 0.15 0.15 0.25 0.25 0.4 0.4
0.101 0.494 0.003 0.15 0.15 0.25 0.25 0.4 0.4
0.101 0.493 0.004 0.15 0.15 0.25 0.25 0.4 0.4
0.101 0.492 0.004 0.15 0.15 0.25 0.25 0.4 0.4
0.101 0.491 0.005 0.15 0.15 0.25 0.25 0.4 0.4
0.101 0.49 0.005 0.15 0.15 0.25 0.25 0.4 0.4
0.101 0.489 0.005 0.15 0.15 0.25 0.25 0.4 0.4
0.101 0.489 0.006 0.15 0.15 0.25 0.25 0.4 0.4
0.101 0.488 0.006 0.15 0.15 0.25 0.25 0.4 0.4
0.101 0.487 0.007 0.15 0.15 0.25 0.25 0.4 0.4
0.101 0.486 0.007 0.15 0.15 0.25 0.25 0.4 0.4
0.101 0.485 0.008 0.15 0.15 0.25 0.25 0.4 0.4
0.101 0.484 0.008 0.15 0.15 0.25 0.25 0.4 0.4
0.102 0.483 0.009 0.15 0.15 0.25 0.25 0.4 0.4
0.102 0.482 0.009 0.15 0.15 0.25 0.25 0.4 0.4
0.102 0.481 0.009 0.15 0.15 0.25 0.25 0.4 0.4
0.102 0.481 0.01 0.15 0.15 0.25 0.25 0.4 0.4
0.102 0.48 0.01 0.15 0.15 0.25 0.25 0.4 0.4
0.102 0.479 0.011 0.15 0.15 0.25 0.25 0.4 0.4
0.102 0.478 0.011 0.15 0.15 0.25 0.25 0.4 0.4
0.102 0.477 0.012 0.15 0.15 0.25 0.25 0.4 0.4
0.102 0.476 0.012 0.15 0.15 0.25 0.25 0.4 0.4
0.102 0.475 0.013 0.15 0.15 0.25 0.25 0.4 0.4
0.102 0.474 0.013 0.15 0.15 0.25 0.25 0.4 0.4
0.102 0.473 0.014 0.15 0.15 0.25 0.25 0.4 0.4
0.103 0.473 0.014 0.15 0.15 0.25 0.25 0.4 0.4
0.103 0.472 0.014 0.15 0.15 0.25 0.25 0.4 0.4
0.103 0.471 0.015 0.15 0.15 0.25 0.25 0.4 0.4
0.103 0.47 0.015 0.15 0.15 0.25 0.25 0.4 0.4
0.103 0.469 0.016 0.15 0.15 0.25 0.25 0.4 0.4
0.103 0.468 0.016 0.15 0.15 0.25 0.25 0.4 0.4
0.103 0.467 0.017 0.15 0.15 0.25 0.25 0.4 0.4
0.103 0.466 0.017 0.15 0.15 0.25 0.25 0.4 0.4
0.103 0.466 0.018 0.15 0.15 0.25 0.25 0.4 0.4
0.103 0.465 0.018 0.15 0.15 0.25 0.25 0.4 0.4
0.103 0.464 0.019 0.15 0.15 0.25 0.25 0.4 0.4
0.103 0.463 0.019 0.15 0.15 0.25 0.25 0.4 0.4
0.104 0.462 0.019 0.15 0.15 0.25 0.25 0.4 0.4
0.104 0.461 0.02 0.15 0.15 0.25 0.25 0.4 0.4
0.104 0.46 0.02 0.15 0.15 0.25 0.25 0.4 0.4
0.104 0.459 0.021 0.15 0.15 0.25 0.25 0.4 0.4
0.104 0.458 0.021 0.15 0.15 0.25 0.25 0.4 0.4
0.104 0.458 0.022 0.15 0.15 0.25 0.25 0.4 0.4
0.104 0.457 0.022 0.15 0.15 0.25 0.25 0.4 0.4
0.104 0.456 0.023 0.15 0.15 0.25 0.25 0.4 0.4
0.104 0.455 0.023 0.15 0.15 0.25 0.25 0.4 0.4
0.104 0.454 0.024 0.15 0.15 0.25 0.25 0.4 0.4
0.104 0.453 0.024 0.15 0.15 0.25 0.25 0.4 0.4
0.104 0.452 0.024 0.15 0.15 0.25 0.25 0.4 0.4
0.105 0.451 0.025 0.15 0.15 0.25 0.25 0.4 0.4
0.105 0.451 0.025 0.15 0.15 0.25 0.25 0.4 0.4
0.105 0.45 0.026 0.15 0.15 0.25 0.25 0.4 0.4
0.105 0.449 0.026 0.15 0.15 0.25 0.25 0.4 0.4
0.105 0.448 0.027 0.15 0.15 0.25 0.25 0.4 0.4
0.105 0.447 0.027 0.15 0.15 0.25 0.25 0.4 0.4
0.105 0.446 0.028 0.15 0.15 0.25 0.25 0.4 0.4
0.105 0.445 0.028 0.15 0.15 0.25 0.25 0.4 0.4
0.105 0.444 0.028 0.15 0.15 0.25 0.25 0.4 0.4
0.105 0.443 0.029 0.15 0.15 0.25 0.25 0.4 0.4
0.105 0.443 0.029 0.15 0.15 0.25 0.25 0.4 0.4
0.105 0.442 0.03 0.15 0.15 0.25 0.25 0.4 0.4
0.106 0.441 0.03 0.15 0.15 0.25 0.25 0.4 0.4
0.106 0.44 0.031 0.15 0.15 0.25 0.25 0.4 0.4
0.106 0.439 0.031 0.15 0.15 0.25 0.25 0.4 0.4
0.106 0.438 0.032 0.15 0.15 0.25 0.25 0.4 0.4
0.106 0.437 0.032 0.15 0.15 0.25 0.25 0.4 0.4
0.106 0.436 0.033 0.15 0.15 0.25 0.25 0.4 0.4
0.106 0.435 0.033 0.15 0.15 0.25 0.25 0.4 0.4
0.106 0.435 0.033 0.15 0.15 0.25 0.25 0.4 0.4
0.106 0.434 0.034 0.15 0.15 0.25 0.25 0.4 0.4
0.106 0.433 0.034 0.15 0.15 0.25 0.25 0.4 0.4
0.106 0.432 0.035 0.15 0.15 0.25 0.25 0.4 0.4
0.106 0.431 0.035 0.15 0.15 0.25 0.25 0.4 0.4
0.106 0.43 0.036 0.15 0.15 0.25 0.25 0.4 0.4
0.107 0.429 0.036 0.15 0.15 0.25 0.25 0.4 0.4
0.107 0.428 0.037 0.15 0.15 0.25 0.25 0.4 0.4
0.107 0.428 0.037 0.15 0.15 0.25 0.25 0.4 0.4
0.107 0.427 0.038 0.15 0.15 0.25 0.25 0.4 0.4
0.107 0.426 0.038 0.15 0.15 0.25 0.25 0.4 0.4
0.107 0.425 0.038 0.15 0.15 0.25 0.25 0.4 0.4
0.107 0.424 0.039 0.15 0.15 0.25 0.25 0.4 0.4
0.107 0.423 0.039 0.15 0.15 0.25 0.25 0.4 0.4
0.107 0.422 0.04 0.15 0.15 0.25 0.25 0.4 0.4
0.107 0.421 0.04 0.15 0.15 0.25 0.25 0.4 0.4
0.107 0.42 0.041 0.15 0.15 0.25 0.25 0.4 0.4
0.107 0.42 0.041 0.15 0.15 0.25 0.25 0.4 0.4
0.108 0.419 0.042 0.15 0.15 0.25 0.25 0.4 0.4
0.108 0.418 0.042 0.15 0.15 0.25 0.25 0.4 0.4
0.108 0.417 0.042 0.15 0.15 0.25 0.25 0.4 0.4
0.108 0.416 0.043 0.15 0.15 0.25 0.25 0.4 0.4
0.108 0.415 0.043 0.15 0.15 0.25 0.25 0.4 0.4
0.108 0.414 0.044 0.15 0.15 0.25 0.25 0.4 0.4
0.108 0.413 0.044 0.15 0.15 0.25 0.25 0.4 0.4
0.108 0.413 0.045 0.15 0.15 0.25 0.25 0.4 0.4
0.108 0.412 0.045 0.15 0.15 0.25 0.25 0.4 0.4
0.108 0.411 0.046 0.15 0.15 0.25 0.25 0.4 0.4
0.108 0.41 0.046 0.15 0.15 0.25 0.25 0.4 0.4
0.108 0.409 0.047 0.15 0.15 0.25 0.25 0.4 0.4
0.109 0.408 0.047 0.15 0.15 0.25 0.25 0.4 0.4
0.109 0.407 0.047 0.15 0.15 0.25 0.25 0.4 0.4
0.109 0.406 0.048 0.15 0.15 0.25 0.25 0.4 0.4
0.109 0.405 0.048 0.15 0.15 0.25 0.25 0.4 0.4
0.109 0.405 0.049 0.15 0.15 0.25 0.25 0.4 0.4
0.109 0.404 0.049 0.15 0.15 0.25 0.25 0.4 0.4
0.109 0.403 0.05 0.15 0.15 0.25 0.25 0.4 0.4
0.109 0.402 0.05 0.15 0.15 0.25 0.25 0.4 0.4
0.109 0.401 0.051 0.15 0.15 0.25 0.25 0.4 0.4
0.109 0.4 0.051 0.15 0.15 0.25 0.25 0.4 0.4
0.109 0.399 0.052 0.15 0.15 0.25 0.25 0.4 0.4
0.109 0.398 0.052 0.15 0.15 0.25 0.25 0.4 0.4
0.11 0.398 0.052 0.15 0.15 0.25 0.25 0.4 0.4
0.11 0.397 0.053 0.15 0.15 0.25 0.25 0.4 0.4
0.11 0.396 0.053 0.15 0.15 0.25 0.25 0.4 0.4
0.11 0.395 0.054 0.15 0.15 0.25 0.25 0.4 0.4
0.11 0.394 0.054 0.15 0.15 0.25 0.25 0.4 0.4
0.11 0.393 0.055 0.15 0.15 0.25 0.25 0.4 0.4
0.11 0.392 0.055 0.15 0.15 0.25 0.25 0.4 0.4
0.11 0.391 0.056 0.15 0.15 0.25 0.25 0.4 0.4
0.11 0.39 0.056 0.15 0.15 0.25 0.25 0.4 0.4
0.11 0.39 0.057 0.15 0.15 0.25 0.25 0.4 0.4
0.11 0.389 0.057 0.15 0.15 0.25 0.25 0.4 0.4
0.11 0.388 0.057 0.15 0.15 0.25 0.25 0.4 0.4
0.111 0.387 0.058 0.15 0.15 0.25 0.25 0.4 0.4
0.111 0.386 0.058 0.15 0.15 0.25 0.25 0.4 0.4
0.111 0.385 0.059 0.15 0.15 0.25 0.25 0.4 0.4
0.111 0.384 0.059 0.15 0.15 0.25 0.25 0.4 0.4
0.111 0.383 0.06 0.15 0.15 0.25 0.25 0.4 0.4
0.111 0.382 0.06 0.15 0.15 0.25 0.25 0.4 0.4
0.111 0.382 0.061 0.15 0.15 0.25 0.25 0.4 0.4
0.111 0.381 0.061 0.15 0.15 0.25 0.25 0.4 0.4
0.111 0.38 0.061 0.15 0.15 0.25 0.25 0.4 0.4
0.111 0.379 0.062 0.15 0.15 0.25 0.25 0.4 0.4
0.111 0.378 0.062 0.15 0.15 0.25 0.25 0.4 0.4
0.111 0.377 0.063 0.15 0.15 0.25 0.25 0.4 0.4
0.112 0.376 0.063 0.15 0.15 0.25 0.25 0.4 0.4
0.112 0.375 0.064 0.15 0.15 0.25 0.25 0.4 0.4
0.112 0.375 0.064 0.15 0.15 0.25 0.25 0.4 0.4
0.112 0.374 0.065 0.15 0.15 0.25 0.25 0.4 0.4
0.112 0.373 0.065 0.15 0.15 0.25 0.25 0.4 0.4
0.112 0.372 0.066 0.15 0.15 0.25 0.25 0.4 0.4
0.112 0.371 0.066 0.15 0.15 0.25 0.25 0.4 0.4
0.112 0.371 0.067 0.15 0.15 0.25 0.25 0.4 0.4
0.111 0.371 0.068 0.15 0.15 0.25 0.25 0.4 0.4
0.111 0.371 0.069 0.15 0.15 0.25 0.25 0.4 0.4
0.111 0.371 0.07 0.15 0.15 0.25 0.25 0.4 0.4
0.111 0.371 0.071 0.15 0.15 0.25 0.25 0.4 0.4
0.11 0.371 0.072 0.15 0.15 0.25 0.25 0.4 0.4
0.11 0.371 0.073 0.15 0.15 0.25 0.25 0.4 0.4
0.11 0.37 0.074 0.15 0.15 0.25 0.25 0.4 0.4
0.11 0.37 0.075 0.15 0.15 0.25 0.25 0.4 0.4
0.109 0.37 0.076 0.15 0.15 0.25 0.25 0.4 0.4
0.109 0.37 0.077 0.15 0.15 0.25 0.25 0.4 0.4
0.109 0.37 0.077 0.15 0.15 0.25 0.25 0.4 0.4
0.108 0.37 0.078 0.15 0.15 0.25 0.25 0.4 0.4
0.108 0.37 0.079 0.15 0.15 0.25 0.25 0.4 0.4
0.108 0.37 0.08 0.15 0.15 0.25 0.25 0.4 0.4
0.108 0.37 0.081 0.15 0.15 0.25 0.25 0.4 0.4
0.107 0.37 0.082 0.15 0.15 0.25 0.25 0.4 0.4
0.107 0.37 0.083 0.15 0.15 0.25 0.25 0.4 0.4
0.107 0.37 0.084 0.15 0.15 0.25 0.25 0.4 0.4
0.107 0.37 0.085 0.15 0.15 0.25 0.25 0.4 0.4
0.106 0.37 0.086 0.15 0.15 0.25 0.25 0.4 0.4
0.106 0.37 0.087 0.15 0.15 0.25 0.25 0.4 0.4
0.106 0.37 0.088 0.15 0.15 0.25 0.25 0.4 0.4
0.106 0.369 0.089 0.15 0.15 0.25 0.25 0.4 0.4
0.105 0.369 0.09 0.15 0.15 0.25 0.25 0.4 0.4
0.105 0.369 0.091 0.15 0.15 0.25 0.25 0.4 0.4
0.105 0.369 0.092 0.15 0.15 0.25 0.25 0.4 0.4
0.104 0.369 0.093 0.15 0.15 0.25 0.25 0.4 0.4
0.104 0.369 0.094 0.15 0.15 0.25 0.25 0.4 0.4
0.104 0.369 0.095 0.15 0.15 0.25 0.25 0.4 0.4
0.104 0.369 0.096 0.15 0.15 0.25 0.25 0.4 0.4
0.103 0.369 0.097 0.15 0.15 0.25 0.25 0.4 0.4
0.103 0.369 0.098 0.15 0.15 0.25 0.25 0.4 0.4
0.103 0.369 0.099 0.15 0.15 0.25 0.25 0.4 0.4
0.103 0.369 0.1 0.15 0.15 0.25 0.25 0.4 0.4
0.102 0.369 0.101 0.15 0.15 0.25 0.25 0.4 0.4
0.102 0.369 0.101 0.15 0.15 0.25 0.25 0.4 0.4
0.102 0.369 0.102 0.15 0.15 0.25 0.25 0.4 0.4
0.102 0.368 0.103 0.15 0.15 0.25 0.25 0.4 0.4
0.101 0.368 0.104 0.15 0.15 0.25 0.25 0.4 0.4
0.101 0.368 0.105 0.15 0.15 0.25 0.25 0.4 0.4
0.101 0.368 0.106 0.15 0.15 0.25 0.25 0.4 0.4
0.1 0.368 0.107 0.15 0.15 0.25 0.25 0.4 0.4
0.1 0.368 0.108 0.15 0.15 0.25 0.25 0.4 0.4
0.1 0.368 0.109 0.15 0.15 0.25 0.25 0.4 0.4
0.1 0.368 0.11 0.15 0.15 0.25 0.25 0.4 0.4
0.099 0.368 0.111 0.15 0.15 0.25 0.25 0.4 0.4
0.099 0.368 0.112 0.15 0.15 0.25 0.25 0.4 0.4
0.099 0.368 0.113 0.15 0.15 0.25 0.25 0.4 0.4
0.099 0.368 0.114 0.15 0.15 0.25 0.25 0.4 0.4
0.098 0.368 0.115 0.15 0.15 0.25 0.25 0.4 0.4
0.098 0.368 0.116 0.15 0.15 0.25 0.25 0.4 0.4
0.098 0.368 0.117 0.15 0.15 0.25 0.25 0.4 0.4
0.097 0.368 0.118 0.15 0.15 0.25 0.25 0.4 0.4
0.097 0.367 0.119 0.15 0.15 0.25 0.25 0.4 0.4
0.097 0.367 0.12 0.15 0.15 0.25 0.25 0.4 0.4
0.097 0.367 0.121 0.15 0.15 0.25 0.25 0.4 0.4
0.096 0.367 0.122 0.15 0.15 0.25 0.25 0.4 0.4
0.096 0.367 0.123 0.15 0.15 0.25 0.25 0.4 0.4
0.096 0.367 0.123 0.15 0.15 0.25 0.25 0.4 0.4
0.096 0.367 0.124 0.15 0.15 0.25 0.25 0.4 0.4
0.095 0.367 0.125 0.15 0.15 0.25 0.25 0.4 0.4
0.095 0.367 0.126 0.15 0.15 0.25 0.25 0.4 0.4
0.095 0.367 0.127 0.15 0.15 0.25 0.25 0.4 0.4
0.095 0.367 0.128 0.15 0.15 0.25 0.25 0.4 0.4
0.094 0.367 0.129 0.15 0.15 0.25 0.25 0.4 0.4
0.094 0.367 0.13 0.15 0.15 0.25 0.25 0.4 0.4
0.094 0.367 0.131 0.15 0.15 0.25 0.25 0.4 0.4
0.093 0.367 0.132 0.15 0.15 0.25 0.25 0.4 0.4
0.093 0.367 0.133 0.15 0.15 0.25 0.25 0.4 0.4
0.093 0.366 0.134 0.15 0.15 0.25 0.25 0.4 0.4
0.093 0.366 0.135 0.15 0.15 0.25 0.25 0.4 0.4
0.092 0.366 0.136 0.15 0.15 0.25 0.25 0.4 0.4
0.092 0.366 0.137 0.15 0.15 0.25 0.25 0.4 0.4
0.092 0.366 0.138 0.15 0.15 0.25 0.25 0.4 0.4
0.092 0.366 0.139 0.15 0.15 0.25 0.25 0.4 0.4
0.091 0.366 0.14 0.15 0.15 0.25 0.25 0.4 0.4
0.091 0.366 0.141 0.15 0.15 0.25 0.25 0.4 0.4
0.091 0.366 0.142 0.15 0.15 0.25 0.25 0.4 0.4
0.09 0.366 0.143 0.15 0.15 0.25 0.25 0.4 0.4
0.09 0.366 0.144 0.15 0.15 0.25 0.25 0.4 0.4
0.09 0.366 0.145 0.15 0.15 0.25 0.25 0.4 0.4
0.09 0.366 0.146 0.15 0.15 0.25 0.25 0.4 0.4
0.089 0.366 0.147 0.15 0.15 0.25 0.25 0.4 0.4
0.089 0.366 0.147 0.15 0.15 0.25 0.25 0.4 0.4
0.089 0.365 0.148 0.15 0.15 0.25 0.25 0.4 0.4
0.089 0.365 0.149 0.15 0.15 0.25 0.25 0.4 0.4
0.088 0.365 0.15 0.15 0.15 0.25 0.25 0.4 0.4
0.088 0.365 0.151 0.15 0.15 0.25 0.25 0.4 0.4
0.088 0.365 0.152 0.15 0.15 0.25 0.25 0.4 0.4
0.087 0.365 0.153 0.15 0.15 0.25 0.25 0.4 0.4
0.087 0.365 0.154 0.15 0.15 0.25 0.25 0.4 0.4
0.087 0.365 0.155 0.15 0.15 0.25 0.25 0.4 0.4
0.087 0.365 0.156 0.15 0.15 0.25 0.25 0.4 0.4
0.086 0.365 0.157 0.15 0.15 0.25 0.25 0.4 0.4
0.086 0.365 0.158 0.15 0.15 0.25 0.25 0.4 0.4
0.086 0.365 0.159 0.15 0.15 0.25 0.25 0.4 0.4
0.086 0.365 0.16 0.15 0.15 0.25 0.25 0.4 0.4
0.085 0.365 0.161 0.15 0.15 0.25 0.25 0.4 0.4
0.085 0.365 0.162 0.15 0.15 0.25 0.25 0.4 0.4
0.085 0.365 0.163 0.15 0.15 0.25 0.25 0.4 0.4
0.085 0.364 0.164 0.15 0.15 0.25 0.25 0.4 0.4
0.084 0.364 0.165 0.15 0.15 0.25 0.25 0.4 0.4
0.084 0.364 0.166 0.15 0.15 0.25 0.25 0.4 0.4
0.084 0.364 0.167 0.15 0.15 0.25 0.25 0.4 0.4
0.083 0.364 0.168 0.15 0.15 0.25 0.25 0.4 0.4
0.083 0.364 0.169 0.15 0.15 0.25 0.25 0.4 0.4
0.083 0.364 0.169 0.15 0.15 0.25 0.25 0.4 0.4
0.083 0.364 0.17 0.15 0.15 0.25 0.25 0.4 0.4
0.082 0.364 0.171 0.15 0.15 0.25 0.25 0.4 0.4
0.082 0.364 0.172 0.15 0.15 0.25 0.25 0.4 0.4
0.082 0.364 0.173 0.15 0.15 0.25 0.25 0.4 0.4
0.082 0.364 0.174 0.15 0.15 0.25 0.25 0.4 0.4
0.081 0.364 0.175 0.15 0.15 0.25 0.25 0.4 0.4
0.081 0.364 0.176 0.15 0.15 0.25 0.25 0.4 0.4
0.081 0.364 0.177 0.15 0.15 0.25 0.25 0.4 0.4
0.08 0.363 0.178 0.15 0.15 0.25 0.25 0.4 0.4
0.08 0.363 0.179 0.15 0.15 0.25 0.25 0.4 0.4
0.08 0.363 0.18 0.15 0.15 0.25 0.25 0.4 0.4
0.08 0.363 0.181 0.15 0.15 0.25 0.25 0.4 0.4
0.079 0.363 0.182 0.15 0.15 0.25 0.25 0.4 0.4
0.079 0.363 0.183 0.15 0.15 0.25 0.25 0.4 0.4
0.079 0.363 0.184 0.15 0.15 0.25 0.25 0.4 0.4
0.079 0.363 0.185 0.15 0.15 0.25 0.25 0.4 0.4
0.078 0.363 0.186 0.15 0.15 0.25 0.25 0.4 0.4
0.078 0.363 0.187 0.15 0.15 0.25 0.25 0.4 0.4
0.078 0.363 0.188 0.15 0.15 0.25 0.25 0.4 0.4
0.078 0.363 0.189 0.15 0.15 0.25 0.25 0.4 0.4
0.077 0.363 0.19 0.15 0.15 0.25 0.25 0.4 0.4
0.077 0.363 0.191 0.15 0.15 0.25 0.25 0.4 0.4
0.077 0.363 0.192 0.15 0.15 0.25 0.25 0.4 0.4
0.076 0.363 0.193 0.15 0.15 0.25 0.25 0.4 0.4
0.076 0.362 0.193 0.15 0.15 0.25 0.25 0.4 0.4
0.076 0.362 0.194 0.15 0.15 0.25 0.25 0.4 0.4
0.076 0.362 0.195 0.15 0.15 0.25 0.25 0.4 0.4
0.075 0.362 0.196 0.15 0.15 0.25 0.25 0.4 0.4
0.075 0.362 0.197 0.15 0.15 0.25 0.25 0.4 0.4
0.075 0.362 0.198 0.15 0.15 0.25 0.25 0.4 0.4
0.075 0.362 0.199 0.15 0.15 0.25 0.25 0.4 0.4
0.074 0.362 0.2 0.15 0.15 0.25 0.25 0.4 0.4
0.074 0.362 0.201 0.15 0.15 0.25 0.25 0.4 0.4
0.074 0.362 0.202 0.15 0.15 0.25 0.25 0.4 0.4
0.073 0.362 0.203 0.15 0.15 0.25 0.25 0.4 0.4
0.073 0.362 0.204 0.15 0.15 0.25 0.25 0.4 0.4
0.073 0.362 0.205 0.15 0.15 0.25 0.25 0.4 0.4
0.073 0.362 0.206 0.15 0.15 0.25 0.25 0.4 0.4
0.072 0.362 0.207 0.15 0.15 0.25 0.25 0.4 0.4
0.072 0.362 0.208 0.15 0.15 0.25 0.25 0.4 0.4
0.072 0.361 0.209 0.15 0.15 0.25 0.25 0.4 0.4
0.072 0.361 0.21 0.15 0.15 0.25 0.25 0.4 0.4
0.071 0.361 0.211 0.15 0.15 0.25 0.25 0.4 0.4
0.071 0.361 0.212 0.15 0.15 0.25 0.25 0.4 0.4
0.071 0.361 0.213 0.15 0.15 0.25 0.25 0.4 0.4
0.071 0.361 0.214 0.15 0.15 0.25 0.25 0.4 0.4
0.07 0.361 0.215 0.15 0.15 0.25 0.25 0.4 0.4
0.07 0.361 0.215 0.15 0.15 0.25 0.25 0.4 0.4
0.07 0.361 0.216 0.15 0.15 0.25 0.25 0.4 0.4
0.069 0.361 0.217 0.15 0.15 0.25 0.25 0.4 0.4
0.069 0.361 0.218 0.15 0.15 0.25 0.25 0.4 0.4
0.069 0.361 0.219 0.15 0.15 0.25 0.25 0.4 0.4
0.069 0.361 0.22 0.15 0.15 0.25 0.25 0.4 0.4
0.068 0.361 0.221 0.15 0.15 0.25 0.25 0.4 0.4
0.068 0.361 0.222 0.15 0.15 0.25 0.25 0.4 0.4
0.068 0.36 0.223 0.15 0.15 0.25 0.25 0.4 0.4
0.068 0.36 0.224 0.15 0.15 0.25 0.25 0.4 0.4
0.067 0.36 0.225 0.15 0.15 0.25 0.25 0.4 0.4
0.067 0.36 0.226 0.15 0.15 0.25 0.25 0.4 0.4
0.067 0.36 0.227 0.15 0.15 0.25 0.25 0.4 0.4
0.067 0.36 0.228 0.15 0.15 0.25 0.25 0.4 0.4
0.066 0.36 0.229 0.15 0.15 0.25 0.25 0.4 0.4
0.066 0.36 0.23 0.15 0.15 0.25 0.25 0.4 0.4
0.066 0.36 0.231 0.15 0.15 0.25 0.25 0.4 0.4
0.065 0.36 0.232 0.15 0.15 0.25 0.25 0.4 0.4
0.065 0.36 0.233 0.15 0.15 0.25 0.25 0.4 0.4
0.065 0.36 0.234 0.15 0.15 0.25 0.25 0.4 0.4
0.065 0.36 0.235 0.15 0.15 0.25 0.25 0.4 0.4
0.064 0.36 0.236 0.15 0.15 0.25 0.25 0.4 0.4
0.064 0.36 0.237 0.15 0.15 0.25 0.25 0.4 0.4
0.064 0.36 0.238 0.15 0.15 0.25 0.25 0.4 0.4
0.064 0.359 0.238 0.15 0.15 0.25 0.25 0.4 0.4
0.063 0.359 0.239 0.15 0.15 0.25 0.25 0.4 0.4
0.063 0.359 0.24 0.15 0.15 0.25 0.25 0.4 0.4
0.063 0.359 0.241 0.15 0.15 0.25 0.25 0.4 0.4
0.062 0.359 0.242 0.15 0.15 0.25 0.25 0.4 0.4
0.062 0.359 0.243 0.15 0.15 0.25 0.25 0.4 0.4
0.062 0.359 0.244 0.15 0.15 0.25 0.25 0.4 0.4
0.062 0.359 0.245 0.15 0.15 0.25 0.25 0.4 0.4
0.061 0.359 0.246 0.15 0.15 0.25 0.25 0.4 0.4
0.061 0.359 0.247 0.15 0.15 0.25 0.25 0.4 0.4
0.061 0.359 0.248 0.15 0.15 0.25 0.25 0.4 0.4
0.061 0.359 0.249 0.15 0.15 0.25 0.25 0.4 0.4
0.06 0.359 0.25 0.15 0.15 0.25 0.25 0.4 0.4
0.06 0.359 0.251 0.15 0.15 0.25 0.25 0.4 0.4
0.06 0.359 0.252 0.15 0.15 0.25 0.25 0.4 0.4
0.059 0.358 0.253 0.15 0.15 0.25 0.25 0.4 0.4
0.059 0.358 0.254 0.15 0.15 0.25 0.25 0.4 0.4
0.059 0.358 0.255 0.15 0.15 0.25 0.25 0.4 0.4
0.059 0.358 0.256 0.15 0.15 0.25 0.25 0.4 0.4
0.058 0.358 0.257 0.15 0.15 0.25 0.25 0.4 0.4
0.058 0.358 0.258 0.15 0.15 0.25 0.25 0.4 0.4
0.058 0.358 0.259 0.15 0.15 0.25 0.25 0.4 0.4
0.058 0.358 0.26 0.15 0.15 0.25 0.25 0.4 0.4
0.057 0.358 0.261 0.15 0.15 0.25 0.25 0.4 0.4
0.057 0.358 0.261 0.15 0.15 0.25 0.25 0.4 0.4
0.057 0.358 0.262 0.15 0.15 0.25 0.25 0.4 0.4
0.057 0.358 0.263 0.15 0.15 0.25 0.25 0.4 0.4
0.056 0.358 0.264 0.15 0.15 0.25 0.25 0.4 0.4
0.056 0.358 0.265 0.15 0.15 0.25 0.25 0.4 0.4
0.056 0.358 0.266 0.15 0.15 0.25 0.25 0.4 0.4
0.055 0.358 0.267 0.15 0.15 0.25 0.25 0.4 0.4
0.055 0.357 0.268 0.15 0.15 0.25 0.25 0.4 0.4
0.055 0.357 0.269 0.15 0.15 0.25 0.25 0.4 0.4
0.055 0.357 0.27 0.15 0.15 0.25 0.25 0.4 0.4
0.054 0.357 0.271 0.15 0.15 0.25 0.25 0.4 0.4
0.054 0.357 0.272 0.15 0.15 0.25 0.25 0.4 0.4
0.054 0.357 0.273 0.15 0.15 0.25 0.25 0.4 0.4
0.054 0.357 0.274 0.15 0.15 0.25 0.25 0.4 0.4
0.053 0.357 0.275 0.15 0.15 0.25 0.25 0.4 0.4
0.053 0.357 0.276 0.15 0.15 0.25 0.25 0.4 0.4
0.053 0.357 0.277 0.15 0.15 0.25 0.25 0.4 0.4
0.052 0.357 0.278 0.15 0.15 0.25 0.25 0.4 0.4
0.052 0.357 0.279 0.15 0.15 0.25 0.25 0.4 0.4
0.052 0.357 0.28 0.15 0.15 0.25 0.25 0.4 0.4
0.052 0.357 0.281 0.15 0.15 0.25 0.25 0.4 0.4
0.051 0.357 0.282 0.15 0.15 0.25 0.25 0.4 0.4
0.051 0.357 0.283 0.15 0.15 0.25 0.25 0.4 0.4
0.051 0.356 0.284 0.15 0.15 0.25 0.25 0.4 0.4
0.051 0.356 0.284 0.15 0.15 0.25 0.25 0.4 0.4
0.05 0.356 0.285 0.15 0.15 0.25 0.25 0.4 0.4
0.05 0.356 0.286 0.15 0.15 0.25 0.25 0.4 0.4
0.05 0.356 0.287 0.15 0.15 0.25 0.25 0.4 0.4
0.05 0.356 0.288 0.15 0.15 0.25 0.25 0.4 0.4
0.049 0.356 0.289 0.15 0.15 0.25 0.25 0.4 0.4
0.049 0.356 0.29 0.15 0.15 0.25 0.25 0.4 0.4
0.049 0.356 0.291 0.15 0.15 0.25 0.25 0.4 0.4
0.048 0.356 0.292 0.15 0.15 0.25 0.25 0.4 0.4
0.048 0.356 0.293 0.15 0.15 0.25 0.25 0.4 0.4
0.048 0.356 0.294 0.15 0.15 0.25 0.25 0.4 0.4
0.048 0.356 0.295 0.15 0.15 0.25 0.25 0.4 0.4
0.047 0.356 0.296 0.15 0.15 0.25 0.25 0.4 0.4
0.047 0.356 0.297 0.15 0.15 0.25 0.25 0.4 0.4
0.047 0.355 0.298 0.15 0.15 0.25 0.25 0.4 0.4
0.047 0.355 0.299 0.15 0.15 0.25 0.25 0.4 0.4
0.046 0.355 0.3 0.15 0.15 0.25 0.25 0.4 0.4
0.046 0.355 0.301 0.15 0.15 0.25 0.25 0.4 0.4
0.046 0.355 0.302 0.15 0.15 0.25 0.25 0.4 0.4
0.045 0.355 0.303 0.15 0.15 0.25 0.25 0.4 0.4
0.045 0.355 0.304 0.15 0.15 0.25 0.25 0.4 0.4
0.045 0.355 0.305 0.15 0.15 0.25 0.25 0.4 0.4
0.045 0.355 0.306 0.15 0.15 0.25 0.25 0.4 0.4
0.044 0.355 0.307 0.15 0.15 0.25 0.25 0.4 0.4
0.044 0.355 0.307 0.15 0.15 0.25 0.25 0.4 0.4
0.044 0.355 0.308 0.15 0.15 0.25 0.25 0.4 0.4
0.044 0.355 0.309 0.15 0.15 0.25 0.25 0.4 0.4
0.043 0.355 0.31 0.15 0.15 0.25 0.25 0.4 0.4
0.043 0.355 0.311 0.15 0.15 0.25 0.25 0.4 0.4
0.043 0.355 0.312 0.15 0.15 0.25 0.25 0.4 0.4
0.043 0.354 0.313 0.15 0.15 0.25 0.25 0.4 0.4
0.042 0.354 0.314 0.15 0.15 0.25 0.25 0.4 0.4
0.042 0.354 0.315 0.15 0.15 0.25 0.25 0.4 0.4
0.042 0.354 0.316 0.15 0.15 0.25 0.25 0.4 0.4
0.041 0.354 0.317 0.15 0.15 0.25 0.25 0.4 0.4
0.041 0.354 0.318 0.15 0.15 0.25 0.25 0.4 0.4
0.041 0.354 0.319 0.15 0.15 0.25 0.25 0.4 0.4
0.041 0.354 0.32 0.15 0.15 0.25 0.25 0.4 0.4
0.04 0.354 0.321 0.15 0.15 0.25 0.25 0.4 0.4
0.04 0.354 0.322 0.15 0.15 0.25 0.25 0.4 0.4
0.04 0.354 0.323 0.15 0.15 0.25 0.25 0.4 0.4
0.04 0.354 0.324 0.15 0.15 0.25 0.25 0.4 0.4
0.039 0.354 0.325 0.15 0.15 0.25 0.25 0.4 0.4
0.039 0.354 0.326 0.15 0.15 0.25 0.25 0.4 0.4
0.039 0.354 0.327 0.15 0.15 0.25 0.25 0.4 0.4
0.038 0.353 0.328 0.15 0.15 0.25 0.25 0.4 0.4
0.038 0.353 0.329 0.15 0.15 0.25 0.25 0.4 0.4
0.038 0.353 0.33 0.15 0.15 0.25 0.25 0.4 0.4
0.038 0.353 0.331 0.15 0.15 0.25 0.25 0.4 0.4
0.037 0.353 0.331 0.15 0.15 0.25 0.25 0.4 0.4
0.037 0.353 0.332 0.15 0.15 0.25 0.25 0.4 0.4
0.037 0.353 0.333 0.15 0.15 0.25 0.25 0.4 0.4
0.037 0.353 0.334 0.15 0.15 0.25 0.25 0.4 0.4
0.036 0.353 0.335 0.15 0.15 0.25 0.25 0.4 0.4
0.036 0.353 0.336 0.15 0.15 0.25 0.25 0.4 0.4
0.036 0.353 0.337 0.15 0.15 0.25 0.25 0.4 0.4
0.036 0.353 0.338 0.15 0.15 0.25 0.25 0.4 0.4
0.035 0.353 0.339 0.15 0.15 0.25 0.25 0.4 0.4
0.035 0.353 0.34 0.15 0.15 0.25 0.25 0.4 0.4
0.035 0.353 0.341 0.15 0.15 0.25 0.25 0.4 0.4
0.034 0.353 0.342 0.15 0.15 0.25 0.25 0.4 0.4
0.034 0.352 0.343 0.15 0.15 0.25 0.25 0.4 0.4
0.034 0.352 0.344 0.15 0.15 0.25 0.25 0.4 0.4
0.034 0.352 0.345 0.15 0.15 0.25 0.25 0.4 0.4
0.033 0.352 0.346 0.15 0.15 0.25 0.25 0.4 0.4
0.033 0.352 0.347 0.15 0.15 0.25 0.25 0.4 0.4
0.033 0.352 0.348 0.15 0.15 0.25 0.25 0.4 0.4
0.033 0.352 0.349 0.15 0.15 0.25 0.25 0.4 0.4
0.032 0.352 0.35 0.15 0.15 0.25 0.25 0.4 0.4
0.032 0.352 0.351 0.15 0.15 0.25 0.25 0.4 0.4
0.032 0.352 0.352 0.15 0.15 0.25 0.25 0.4 0.4
0.031 0.352 0.353 0.15 0.15 0.25 0.25 0.4 0.4
0.031 0.352 0.353 0.15 0.15 0.25 0.25 0.4 0.4
0.031 0.352 0.354 0.15 0.15 0.25 0.25 0.4 0.4
0.031 0.352 0.355 0.15 0.15 0.25 0.25 0.4 0.4
0.03 0.352 0.356 0.15 0.15 0.25 0.25 0.4 0.4
0.03 0.352 0.357 0.15 0.15 0.25 0.25 0.4 0.4
0.03 0.351 0.358 0.15 0.15 0.25 0.25 0.4 0.4
0.03 0.351 0.359 0.15 0.15 0.25 0.25 0.4 0.4
0.029 0.351 0.36 0.15 0.15 0.25 0.25 0.4 0.4
0.029 0.351 0.361 0.15 0.15 0.25 0.25 0.4 0.4
0.029 0.351 0.362 0.15 0.15 0.25 0.25 0.4 0.4
0.029 0.351 0.363 0.15 0.15 0.25 0.25 0.4 0.4
0.028 0.351 0.364 0.15 0.15 0.25 0.25 0.4 0.4
0.028 0.351 0.365 0.15 0.15 0.25 0.25 0.4 0.4
0.028 0.35 0.366 0.15 0.15 0.25 0.25 0.4 0.4
0.028 0.35 0.367 0.15 0.15 0.25 0.25 0.4 0.4
0.028 0.349 0.367 0.15 0.15 0.25 0.25 0.4 0.4
0.028 0.349 0.368 0.15 0.15 0.25 0.25 0.4 0.4
0.028 0.348 0.369 0.15 0.15 0.25 0.25 0.4 0.4
0.028 0.347 0.37 0.15 0.15 0.25 0.25 0.4 0.4
0.028 0.347 0.37 0.15 0.15 0.25 0.25 0.4 0.4
0.029 0.346 0.371 0.15 0.15 0.25 0.25 0.4 0.4
0.029 0.345 0.372 0.15 0.15 0.25 0.25 0.4 0.4
0.029 0.345 0.373 0.15 0.15 0.25 0.25 0.4 0.4
0.029 0.344 0.374 0.15 0.15 0.25 0.25 0.4 0.4
0.029 0.344 0.374 0.15 0.15 0.25 0.25 0.4 0.4
0.029 0.343 0.375 0.15 0.15 0.25 0.25 0.4 0.4
0.029 0.342 0.376 0.15 0.15 0.25 0.25 0.4 0.4
0.029 0.342 0.377 0.15 0.15 0.25 0.25 0.4 0.4
0.029 0.341 0.377 0.15 0.15 0.25 0.25 0.4 0.4
0.029 0.34 0.378 0.15 0.15 0.25 0.25 0.4 0.4
0.029 0.34 0.379 0.15 0.15 0.25 0.25 0.4 0.4
0.029 0.339 0.38 0.15 0.15 0.25 0.25 0.4 0.4
0.029 0.339 0.381 0.15 0.15 0.25 0.25 0.4 0.4
0.029 0.338 0.381 0.15 0.15 0.25 0.25 0.4 0.4
0.029 0.337 0.382 0.15 0.15 0.25 0.25 0.4 0.4
0.03 0.337 0.383 0.15 0.15 0.25 0.25 0.4 0.4
0.03 0.336 0.384 0.15 0.15 0.25 0.25 0.4 0.4
0.03 0.336 0.385 0.15 0.15 0.25 0.25 0.4 0.4
0.03 0.335 0.385 0.15 0.15 0.25 0.25 0.4 0.4
0.03 0.334 0.386 0.15 0.15 0.25 0.25 0.4 0.4
0.03 0.334 0.387 0.15 0.15 0.25 0.25 0.4 0.4
0.03 0.333 0.388 0.15 0.15 0.25 0.25 0.4 0.4
0.03 0.332 0.388 0.15 0.15 0.25 0.25 0.4 0.4
0.03 0.332 0.389 0.15 0.15 0.25 0.25 0.4 0.4
0.03 0.331 0.39 0.15 0.15 0.25 0.25 0.4 0.4
0.03 0.331 0.391 0.15 0.15 0.25 0.25 0.4 0.4
0.03 0.33 0.392 0.15 0.15 0.25 0.25 0.4 0.4
0.03 0.329 0.392 0.15 0.15 0.25 0.25 0.4 0.4
0.03 0.329 0.393 0.15 0.15 0.25 0.25 0.4 0.4
0.03 0.328 0.394 0.15 0.15 0.25 0.25 0.4 0.4
0.031 0.328 0.395 0.15 0.15 0.25 0.25 0.4 0.4
0.031 0.327 0.395 0.15 0.15 0.25 0.25 0.4 0.4
0.031 0.326 0.396 0.15 0.15 0.25 0.25 0.4 0.4
0.031 0.326 0.397 0.15 0.15 0.25 0.25 0.4 0.4
0.031 0.325 0.398 0.15 0.15 0.25 0.25 0.4 0.4
0.031 0.324 0.399 0.15 0.15 0.25 0.25 0.4 0.4
0.031 0.324 0.399 0.15 0.15 0.25 0.25 0.4 0.4
0.031 0.323 0.4 0.15 0.15 0.25 0.25 0.4 0.4
0.031 0.323 0.401 0.15 0.15 0.25 0.25 0.4 0.4
0.031 0.322 0.402 0.15 0.15 0.25 0.25 0.4 0.4
0.031 0.321 0.402 0.15 0.15 0.25 0.25 0.4 0.4
0.031 0.321 0.403 0.15 0.15 0.25 0.25 0.4 0.4
0.031 0.32 0.404 0.15 0.15 0.25 0.25 0.4 0.4
0.031 0.319 0.405 0.15 0.15 0.25 0.25 0.4 0.4
0.031 0.319 0.406 0.15 0.15 0.25 0.25 0.4 0.4
0.032 0.318 0.406 0.15 0.15 0.25 0.25 0.4 0.4
0.032 0.318 0.407 0.15 0.15 0.25 0.25 0.4 0.4
0.032 0.317 0.408 0.15 0.15 0.25 0.25 0.4 0.4
0.032 0.316 0.409 0.15 0.15 0.25 0.25 0.4 0.4
0.032 0.316 0.409 0.15 0.15 0.25 0.25 0.4 0.4
0.032 0.315 0.41 0.15 0.15 0.25 0.25 0.4 0.4
0.032 0.315 0.411 0.15 0.15 0.25 0.25 0.4 0.4
0.032 0.314 0.412 0.15 0.15 0.25 0.25 0.4 0.4
0.032 0.313 0.413 0.15 0.15 0.25 0.25 0.4 0.4
0.032 0.313 0.413 0.15 0.15 0.25 0.25 0.4 0.4
0.032 0.312 0.414 0.15 0.15 0.25 0.25 0.4 0.4
0.032 0.311 0.415 0.15 0.15 0.25 0.25 0.4 0.4
0.032 0.311 0.416 0.15 0.15 0.25 0.25 0.4 0.4
0.032 0.31 0.416 0.15 0.15 0.25 0.25 0.4 0.4
0.032 0.31 0.417 0.15 0.15 0.25 0.25 0.4 0.4
0.033 0.309 0.418 0.15 0.15 0.25 0.25 0.4 0.4
0.033 0.308 0.419 0.15 0.15 0.25 0.25 0.4 0.4
0.033 0.308 0.42 0.15 0.15 0.25 0.25 0.4 0.4
0.033 0.307 0.42 0.15 0.15 0.25 0.25 0.4 0.4
0.033 0.306 0.421 0.15 0.15 0.25 0.25 0.4 0.4
0.033 0.306 0.422 0.15 0.15 0.25 0.25 0.4 0.4
0.033 0.305 0.423 0.15 0.15 0.25 0.25 0.4 0.4
0.033 0.305 0.424 0.15 0.15 0.25 0.25 0.4 0.4
0.033 0.304 0.424 0.15 0.15 0.25 0.25 0.4 0.4
0.033 0.303 0.425 0.15 0.15 0.25 0.25 0.4 0.4
0.033 0.303 0.426 0.15 0.15 0.25 0.25 0.4 0.4
0.033 0.302 0.427 0.15 0.15 0.25 0.25 0.4 0.4
0.033 0.302 0.427 0.15 0.15 0.25 0.25 0.4 0.4
0.033 0.301 0.428 0.15 0.15 0.25 0.25 0.4 0.4
0.033 0.3 0.429 0.15 0.15 0.25 0.25 0.4 0.4
0.034 0.3 0.43 0.15 0.15 0.25 0.25 0.4 0.4
0.034 0.299 0.431 0.15 0.15 0.25 0.25 0.4 0.4
0.034 0.298 0.431 0.15 0.15 0.25 0.25 0.4 0.4
0.034 0.298 0.432 0.15 0.15 0.25 0.25 0.4 0.4
0.034 0.297 0.433 0.15 0.15 0.25 0.25 0.4 0.4
0.034 0.297 0.434 0.15 0.15 0.25 0.25 0.4 0.4
0.034 0.296 0.434 0.15 0.15 0.25 0.25 0.4 0.4
0.034 0.295 0.435 0.15 0.15 0.25 0.25 0.4 0.4
0.034 0.295 0.436 0.15 0.15 0.25 0.25 0.4 0.4
0.034 0.294 0.437 0.15 0.15 0.25 0.25 0.4 0.4
0.034 0.294 0.438 0.15 0.15 0.25 0.25 0.4 0.4
0.034 0.293 0.438 0.15 0.15 0.25 0.25 0.4 0.4
0.034 0.292 0.439 0.15 0.15 0.25 0.25 0.4 0.4
0.034 0.292 0.44 0.15 0.15 0.25 0.25 0.4 0.4
0.034 0.291 0.441 0.15 0.15 0.25 0.25 0.4 0.4
0.035 0.29 0.441 0.15 0.15 0.25 0.25 0.4 0.4
0.035 0.29 0.442 0.15 0.15 0.25 0.25 0.4 0.4
0.035 0.289 0.443 0.15 0.15 0.25 0.25 0.4 0.4
0.035 0.289 0.444 0.15 0.15 0.25 0.25 0.4 0.4
0.035 0.288 0.445 0.15 0.15 0.25 0.25 0.4 0.4
0.035 0.287 0.445 0.15 0.15 0.25 0.25 0.4 0.4
0.035 0.287 0.446 0.15 0.15 0.25 0.25 0.4 0.4
0.035 0.286 0.447 0.15 0.15 0.25 0.25 0.4 0.4
0.035 0.285 0.448 0.15 0.15 0.25 0.25 0.4 0.4
0.035 0.285 0.448 0.15 0.15 0.25 0.25 0.4 0.4
0.035 0.284 0.449 0.15 0.15 0.25 0.25 0.4 0.4
0.035 0.284 0.45 0.15 0.15 0.25 0.25 0.4 0.4
0.035 0.283 0.451 0.15 0.15 0.25 0.25 0.4 0.4
0.035 0.282 0.452 0.15 0.15 0.25 0.25 0.4 0.4
0.035 0.282 0.452 0.15 0.15 0.25 0.25 0.4 0.4
0.036 0.281 0.453 0.15 0.15 0.25 0.25 0.4 0.4
0.036 0.281 0.454 0.15 0.15 0.25 0.25 0.4 0.4
0.036 0.28 0.455 0.15 0.15 0.25 0.25 0.4 0.4
0.036 0.279 0.455 0.15 0.15 0.25 0.25 0.4 0.4
0.036 0.279 0.456 0.15 0.15 0.25 0.25 0.4 0.4
0.036 0.278 0.457 0.15 0.15 0.25 0.25 0.4 0.4
0.036 0.277 0.458 0.15 0.15 0.25 0.25 0.4 0.4
0.036 0.277 0.459 0.15 0.15 0.25 0.25 0.4 0.4
0.036 0.276 0.459 0.15 0.15 0.25 0.25 0.4 0.4
0.036 0.276 0.46 0.15 0.15 0.25 0.25 0.4 0.4
0.036 0.275 0.461 0.15 0.15 0.25 0.25 0.4 0.4
0.036 0.274 0.462 0.15 0.15 0.25 0.25 0.4 0.4
0.036 0.274 0.463 0.15 0.15 0.25 0.25 0.4 0.4
0.036 0.273 0.463 0.15 0.15 0.25 0.25 0.4 0.4
0.036 0.272 0.464 0.15 0.15 0.25 0.25 0.4 0.4
0.036 0.272 0.465 0.15 0.15 0.25 0.25 0.4 0.4
0.037 0.271 0.466 0.15 0.15 0.25 0.25 0.4 0.4
0.037 0.271 0.466 0.15 0.15 0.25 0.25 0.4 0.4
0.037 0.27 0.467 0.15 0.15 0.25 0.25 0.4 0.4
0.037 0.269 0.468 0.15 0.15 0.25 0.25 0.4 0.4
0.037 0.269 0.469 0.15 0.15 0.25 0.25 0.4 0.4
0.037 0.268 0.47 0.15 0.15 0.25 0.25 0.4 0.4
0.037 0.268 0.47 0.15 0.15 0.25 0.25 0.4 0.4
0.037 0.267 0.471 0.15 0.15 0.25 0.25 0.4 0.4
0.037 0.266 0.472 0.15 0.15 0.25 0.25 0.4 0.4
0.037 0.266 0.473 0.15 0.15 0.25 0.25 0.4 0.4
0.037 0.265 0.473 0.15 0.15 0.25 0.25 0.4 0.4
0.037 0.264 0.474 0.15 0.15 0.25 0.25 0.4 0.4
0.037 0.264 0.475 0.15 0.15 0.25 0.25 0.4 0.4
0.037 0.263 0.476 0.15 0.15 0.25 0.25 0.4 0.4
0.037 0.263 0.477 0.15 0.15 0.25 0.25 0.4 0.4
0.038 0.262 0.477 0.15 0.15 0.25 0.25 0.4 0.4
0.038 0.261 0.478 0.15 0.15 0.25 0.25 0.4 0.4
0.038 0.261 0.479 0.15 0.15 0.25 0.25 0.4 0.4
0.038 0.26 0.48 0.15 0.15 0.25 0.25 0.4 0.4
0.038 0.259 0.48 0.15 0.15 0.25 0.25 0.4 0.4
0.038 0.259 0.481 0.15 0.15 0.25 0.25 0.4 0.4
0.038 0.258 0.482 0.15 0.15 0.25 0.25 0.4 0.4
0.038 0.258 0.483 0.15 0.15 0.25 0.25 0.4 0.4
0.038 0.257 0.484 0.15 0.15 0.25 0.25 0.4 0.4
0.038 0.256 0.484 0.15 0.15 0.25 0.25 0.4 0.4
0.038 0.256 0.485 0.15 0.15 0.25 0.25 0.4 0.4
0.038 0.255 0.486 0.15 0.15 0.25 0.25 0.4 0.4
0.038 0.255 0.487 0.15 0.15 0.25 0.25 0.4 0.4
0.038 0.254 0.487 0.15 0.15 0.25 0.25 0.4 0.4
0.038 0.253 0.488 0.15 0.15 0.25 0.25 0.4 0.4
0.039 0.253 0.489 0.15 0.15 0.25 0.25 0.4 0.4
0.039 0.252 0.49 0.15 0.15 0.25 0.25 0.4 0.4
0.039 0.251 0.491 0.15 0.15 0.25 0.25 0.4 0.4
0.039 0.251 0.491 0.15 0.15 0.25 0.25 0.4 0.4
0.039 0.25 0.492 0.15 0.15 0.25 0.25 0.4 0.4
0.039 0.25 0.493 0.15 0.15 0.25 0.25 0.4 0.4
0.039 0.249 0.494 0.15 0.15 0.25 0.25 0.4 0.4
0.039 0.248 0.494 0.15 0.15 0.25 0.25 0.4 0.4
0.039 0.248 0.495 0.15 0.15 0.25 0.25 0.4 0.4
0.039 0.247 0.496 0.15 0.15 0.25 0.25 0.4 0.4
0.039 0.247 0.497 0.15 0.15 0.25 0.25 0.4 0.4
0.039 0.246 0.498 0.15 0.15 0.25 0.25 0.4 0.4
0.039 0.245 0.498 0.15 0.15 0.25 0.25 0.4 0.4
0.039 0.245 0.499 0.15 0.15 0.25 0.25 0.4 0.4
0.039 0.244 0.5 0.15 0.15 0.25 0.25 0.4 0.4
0.04 0.243 0.501 0.15 0.15 0.25 0.25 0.4 0.4
0.04 0.243 0.502 0.15 0.15 0.25 0.25 0.4 0.4
0.04 0.242 0.502 0.15 0.15 0.25 0.25 0.4 0.4
0.04 0.242 0.503 0.15 0.15 0.25 0.25 0.4 0.4
0.04 0.241 0.504 0.15 0.15 0.25 0.25 0.4 0.4
0.04 0.24 0.505 0.15 0.15 0.25 0.25 0.4 0.4
0.04 0.24 0.505 0.15 0.15 0.25 0.25 0.4 0.4
0.04 0.239 0.506 0.15 0.15 0.25 0.25 0.4 0.4
0.04 0.238 0.507 0.15 0.15 0.25 0.25 0.4 0.4
0.04 0.238 0.508 0.15 0.15 0.25 0.25 0.4 0.4
0.04 0.237 0.509 0.15 0.15 0.25 0.25 0.4 0.4
0.04 0.237 0.509 0.15 0.15 0.25 0.25 0.4 0.4
0.04 0.236 0.51 0.15 0.15 0.25 0.25 0.4 0.4
0.04 0.235 0.511 0.15 0.15 0.25 0.25 0.4 0.4
0.04 0.235 0.512 0.15 0.15 0.25 0.25 0.4 0.4
0.041 0.234 0.512 0.15 0.15 0.25 0.25 0.4 0.4
0.041 0.234 0.513 0.15 0.15 0.25 0.25 0.4 0.4
0.041 0.233 0.514 0.15 0.15 0.25 0.25 0.4 0.4
0.041 0.232 0.515 0.15 0.15 0.25 0.25 0.4 0.4
0.041 0.232 0.516 0.15 0.15 0.25 0.25 0.4 0.4
0.041 0.231 0.516 0.15 0.15 0.25 0.25 0.4 0.4
0.041 0.23 0.517 0.15 0.15 0.25 0.25 0.4 0.4
0.041 0.23 0.518 0.15 0.15 0.25 0.25 0.4 0.4
0.041 0.229 0.519 0.15 0.15 0.25 0.25 0.4 0.4
0.041 0.229 0.519 0.15 0.15 0.25 0.25 0.4 0.4
0.041 0.228 0.52 0.15 0.15 0.25 0.25 0.4 0.4
0.041 0.227 0.521 0.15 0.15 0.25 0.25 0.4 0.4
0.041 0.227 0.522 0.15 0.15 0.25 0.25 0.4 0.4
0.041 0.226 0.523 0.15 0.15 0.25 0.25 0.4 0.4
0.041 0.225 0.523 0.15 0.15 0.25 0.25 0.4 0.4
0.042 0.225 0.524 0.15 0.15 0.25 0.25 0.4 0.4
0.042 0.224 0.525 0.15 0.15 0.25 0.25 0.4 0.4
0.042 0.224 0.526 0.15 0.15 0.25 0.25 0.4 0.4
0.042 0.223 0.526 0.15 0.15 0.25 0.25 0.4 0.4
0.042 0.222 0.527 0.15 0.15 0.25 0.25 0.4 0.4
0.042 0.222 0.528 0.15 0.15 0.25 0.25 0.4 0.4
0.042 0.221 0.529 0.15 0.15 0.25 0.25 0.4 0.4
0.042 0.221 0.53 0.15 0.15 0.25 0.25 0.4 0.4
0.042 0.22 0.53 0.15 0.15 0.25 0.25 0.4 0.4
0.042 0.219 0.531 0.15 0.15 0.25 0.25 0.4 0.4
0.042 0.219 0.532 0.15 0.15 0.25 0.25 0.4 0.4
0.042 0.218 0.533 0.15 0.15 0.25 0.25 0.4 0.4
0.042 0.217 0.533 0.15 0.15 0.25 0.25 0.4 0.4
0.042 0.217 0.534 0.15 0.15 0.25 0.25 0.4 0.4
0.042 0.216 0.535 0.15 0.15 0.25 0.25 0.4 0.4
0.043 0.216 0.536 0.15 0.15 0.25 0.25 0.4 0.4
0.043 0.215 0.537 0.15 0.15 0.25 0.25 0.4 0.4
0.043 0.214 0.537 0.15 0.15 0.25 0.25 0.4 0.4
0.043 0.214 0.538 0.15 0.15 0.25 0.25 0.4 0.4
0.043 0.213 0.539 0.15 0.15 0.25 0.25 0.4 0.4
0.043 0.213 0.54 0.15 0.15 0.25 0.25 0.4 0.4
0.043 0.212 0.541 0.15 0.15 0.25 0.25 0.4 0.4
0.043 0.211 0.541 0.15 0.15 0.25 0.25 0.4 0.4
0.043 0.211 0.542 0.15 0.15 0.25 0.25 0.4 0.4
0.043 0.21 0.543 0.15 0.15 0.25 0.25 0.4 0.4
0.043 0.209 0.544 0.15 0.15 0.25 0.25 0.4 0.4
0.043 0.209 0.544 0.15 0.15 0.25 0.25 0.4 0.4
0.043 0.208 0.545 0.15 0.15 0.25 0.25 0.4 0.4
0.043 0.208 0.546 0.15 0.15 0.25 0.25 0.4 0.4
0.043 0.207 0.547 0.15 0.15 0.25 0.25 0.4 0.4
0.044 0.206 0.548 0.15 0.15 0.25 0.25 0.4 0.4
0.044 0.206 0.548 0.15 0.15 0.25 0.25 0.4 0.4
0.044 0.205 0.549 0.15 0.15 0.25 0.25 0.4 0.4
0.044 0.204 0.55 0.15 0.15 0.25 0.25 0.4 0.4
0.044 0.204 0.551 0.15 0.15 0.25 0.25 0.4 0.4
0.044 0.203 0.551 0.15 0.15 0.25 0.25 0.4 0.4
0.044 0.203 0.552 0.15 0.15 0.25 0.25 0.4 0.4
0.044 0.202 0.553 0.15 0.15 0.25 0.25 0.4 0.4
0.044 0.202 0.554 0.15 0.15 0.25 0.25 0.4 0.4
0.044 0.201 0.555 0.15 0.15 0.25 0.25 0.4 0.4
0.045 0.201 0.556 0.15 0.15 0.25 0.25 0.4 0.4
0.045 0.2 0.557 0.15 0.15 0.25 0.25 0.4 0.4
0.045 0.2 0.557 0.15 0.15 0.25 0.25 0.4 0.4
0.045 0.199 0.558 0.15 0.15 0.25 0.25 0.4 0.4
0.045 0.199 0.559 0.15 0.15 0.25 0.25 0.4 0.4
0.046 0.199 0.56 0.15 0.15 0.25 0.25 0.4 0.4
0.046 0.198 0.561 0.15 0.15 0.25 0.25 0.4 0.4
0.046 0.198 0.562 0.15 0.15 0.25 0.25 0.4 0.4
0.046 0.197 0.563 0.15 0.15 0.25 0.25 0.4 0.4
0.046 0.197 0.564 0.15 0.15 0.25 0.25 0.4 0.4
0.047 0.197 0.564 0.15 0.15 0.25 0.25 0.4 0.4
0.047 0.196 0.565 0.15 0.15 0.25 0.25 0.4 0.4
0.047 0.196 0.566 0.15 0.15 0.25 0.25 0.4 0.4
0.047 0.195 0.567 0.15 0.15 0.25 0.25 0.4 0.4
0.048 0.195 0.568 0.15 0.15 0.25 0.25 0.4 0.4
0.048 0.194 0.569 0.15 0.15 0.25 0.25 0.4 0.4
0.048 0.194 0.57 0.15 0.15 0.25 0.25 0.4 0.4
0.048 0.194 0.571 0.15 0.15 0.25 0.25 0.4 0.4
0.048 0.193 0.572 0.15 0.15 0.25 0.25 0.4 0.4
0.049 0.193 0.572 0.15 0.15 0.25 0.25 0.4 0.4
0.049 0.192 0.573 0.15 0.15 0.25 0.25 0.4 0.4
0.049 0.192 0.574 0.15 0.15 0.25 0.25 0.4 0.4
0.049 0.191 0.575 0.15 0.15 0.25 0.25 0.4 0.4
0.049 0.191 0.576 0.15 0.15 0.25 0.25 0.4 0.4
0.05 0.191 0.577 0.15 0.15 0.25 0.25 0.4 0.4
0.05 0.19 0.578 0.15 0.15 0.25 0.25 0.4 0.4
0.05 0.19 0.579 0.15 0.15 0.25 0.25 0.4 0.4
0.05 0.189 0.579 0.15 0.15 0.25 0.25 0.4 0.4
0.05 0.189 0.58 0.15 0.15 0.25 0.25 0.4 0.4
0.051 0.189 0.581 0.15 0.15 0.25 0.25 0.4 0.4
0.051 0.188 0.582 0.15 0.15 0.25 0.25 0.4 0.4
0.051 0.188 0.583 0.15 0.15 0.25 0.25 0.4 0.4
0.051 0.187 0.584 0.15 0.15 0.25 0.25 0.4 0.4
0.051 0.187 0.585 0.15 0.15 0.25 0.25 0.4 0.4
0.052 0.186 0.586 0.15 0.15 0.25 0.25 0.4 0.4
0.052 0.186 0.587 0.15 0.15 0.25 0.25 0.4 0.4
0.052 0.186 0.587 0.15 0.15 0.25 0.25 0.4 0.4
0.052 0.185 0.588 0.15 0.15 0.25 0.25 0.4 0.4
0.052 0.185 0.589 0.15 0.15 0.25 0.25 0.4 0.4
0.053 0.184 0.59 0.15 0.15 0.25 0.25 0.4 0.4
0.053 0.184 0.591 0.15 0.15 0.25 0.25 0.4 0.4
0.053 0.184 0.592 0.15 0.15 0.25 0.25 0.4 0.4
0.053 0.183 0.593 0.15 0.15 0.25 0.25 0.4 0.4
0.053 0.183 0.594 0.15 0.15 0.25 0.25 0.4 0.4
0.054 0.182 0.595 0.15 0.15 0.25 0.25 0.4 0.4
0.054 0.182 0.595 0.15 0.15 0.25 0.25 0.4 0.4
0.054 0.181 0.596 0.15 0.15 0.25 0.25 0.4 0.4
0.054 0.181 0.597 0.15 0.15 0.25 0.25 0.4 0.4
0.055 0.181 0.598 0.15 0.15 0.25 0.25 0.4 0.4
0.055 0.18 0.599 0.15 0.15 0.25 0.25 0.4 0.4
0.055 0.18 0.6 0.15 0.15 0.25 0.25 0.4 0.4
0.055 0.179 0.601 0.15 0.15 0.25 0.25 0.4 0.4
0.055 0.179 0.602 0.15 0.15 0.25 0.25 0.4 0.4
0.056 0.178 0.602 0.15 0.15 0.25 0.25 0.4 0.4
0.056 0.178 0.603 0.15 0.15 0.25 0.25 0.4 0.4
0.056 0.178 0.604 0.15 0.15 0.25 0.25 0.4 0.4
0.056 0.177 0.605 0.15 0.15 0.25 0.25 0.4 0.4
0.056 0.177 0.606 0.15 0.15 0.25 0.25 0.4 0.4
0.057 0.176 0.607 0.15 0.15 0.25 0.25 0.4 0.4
0.057 0.176 0.608 0.15 0.15 0.25 0.25 0.4 0.4
0.057 0.176 0.609 0.15 0.15 0.25 0.25 0.4 0.4
0.057 0.175 0.61 0.15 0.15 0.25 0.25 0.4 0.4
0.057 0.175 0.61 0.15 0.15 0.25 0.25 0.4 0.4
0.058 0.174 0.611 0.15 0.15 0.25 0.25 0.4 0.4
0.058 0.174 0.612 0.15 0.15 0.25 0.25 0.4 0.4
0.058 0.173 0.613 0.15 0.15 0.25 0.25 0.4 0.4
0.058 0.173 0.614 0.15 0.15 0.25 0.25 0.4 0.4
0.058 0.173 0.615 0.15 0.15 0.25 0.25 0.4 0.4
0.059 0.172 0.616 0.15 0.15 0.25 0.25 0.4 0.4
0.059 0.172 0.617 0.15 0.15 0.25 0.25 0.4 0.4
0.059 0.171 0.617 0.15 0.15 0.25 0.25 0.4 0.4
0.059 0.171 0.618 0.15 0.15 0.25 0.25 0.4 0.4
0.059 0.17 0.619 0.15 0.15 0.25 0.25 0.4 0.4
0.06 0.17 0.62 0.15 0.15 0.25 0.25 0.4 0.4
0.06 0.17 0.621 0.15 0.15 0.25 0.25 0.4 0.4
0.06 0.169 0.622 0.15 0.15 0.25 0.25 0.4 0.4
0.06 0.169 0.623 0.15 0.15 0.25 0.25 0.4 0.4
0.06 0.168 0.624 0.15 0.15 0.25 0.25 0.4 0.4
0.061 0.168 0.625 0.15 0.15 0.25 0.25 0.4 0.4
0.061 0.168 0.625 0.15 0.15 0.25 0.25 0.4 0.4
0.061 0.167 0.626 0.15 0.15 0.25 0.25 0.4 0.4
0.061 0.167 0.627 0.15 0.15 0.25 0.25 0.4 0.4
0.062 0.166 0.628 0.15 0.15 0.25 0.25 0.4 0.4
0.062 0.166 0.629 0.15 0.15 0.25 0.25 0.4 0.4
0.062 0.165 0.63 0.15 0.15 0.25 0.25 0.4 0.4
0.062 0.165 0.631 0.15 0.15 0.25 0.25 0.4 0.4
0.062 0.165 0.632 0.15 0.15 0.25 0.25 0.4 0.4
0.063 0.164 0.632 0.15 0.15 0.25 0.25 0.4 0.4
0.063 0.164 0.633 0.15 0.15 0.25 0.25 0.4 0.4
0.063 0.163 0.634 0.15 0.15 0.25 0.25 0.4 0.4
0.063 0.163 0.635 0.15 0.15 0.25 0.25 0.4 0.4
0.063 0.162 0.636 0.15 0.15 0.25 0.25 0.4 0.4
0.064 0.162 0.637 0.15 0.15 0.25 0.25 0.4 0.4
0.064 0.162 0.638 0.15 0.15 0.25 0.25 0.4 0.4
0.064 0.161 0.639 0.15 0.15 0.25 0.25 0.4 0.4
0.064 0.161 0.64 0.15 0.15 0.25 0.25 0.4 0.4
0.064 0.16 0.64 0.15 0.15 0.25 0.25 0.4 0.4
0.065 0.16 0.641 0.15 0.15 0.25 0.25 0.4 0.4
0.065 0.16 0.642 0.15 0.15 0.25 0.25 0.4 0.4
0.065 0.159 0.643 0.15 0.15 0.25 0.25 0.4 0.4
0.065 0.159 0.644 0.15 0.15 0.25 0.25 0.4 0.4
0.065 0.158 0.645 0.15 0.15 0.25 0.25 0.4 0.4
0.066 0.158 0.646 0.15 0.15 0.25 0.25 0.4 0.4
0.066 0.157 0.647 0.15 0.15 0.25 0.25 0.4 0.4
0.066 0.157 0.648 0.15 0.15 0.25 0.25 0.4 0.4
0.066 0.157 0.648 0.15 0.15 0.25 0.25 0.4 0.4
0.066 0.156 0.649 0.15 0.15 0.25 0.25 0.4 0.4
0.067 0.156 0.65 0.15 0.15 0.25 0.25 0.4 0.4
0.067 0.155 0.651 0.15 0.15 0.25 0.25 0.4 0.4
0.067 0.155 0.652 0.15 0.15 0.25 0.25 0.4 0.4
0.067 0.155 0.653 0.15 0.15 0.25 0.25 0.4 0.4
0.068 0.154 0.654 0.15 0.15 0.25 0.25 0.4 0.4
0.068 0.154 0.655 0.15 0.15 0.25 0.25 0.4 0.4
0.068 0.153 0.655 0.15 0.15 0.25 0.25 0.4 0.4
0.068 0.153 0.656 0.15 0.15 0.25 0.25 0.4 0.4
0.068 0.152 0.657 0.15 0.15 0.25 0.25 0.4 0.4
0.069 0.152 0.658 0.15 0.15 0.25 0.25 0.4 0.4
0.069 0.152 0.659 0.15 0.15 0.25 0.25 0.4 0.4
0.069 0.151 0.66 0.15 0.15 0.25 0.25 0.4 0.4
0.069 0.151 0.661 0.15 0.15 0.25 0.25 0.4 0.4
0.069 0.15 0.662 0.15 0.15 0.25 0.25 0.4 0.4
0.07 0.15 0.663 0.15 0.15 0.25 0.25 0.4 0.4
0.07 0.149 0.663 0.15 0.15 0.25 0.25 0.4 0.4
0.07 0.149 0.664 0.15 0.15 0.25 0.25 0.4 0.4
0.07 0.149 0.665 0.15 0.15 0.25 0.25 0.4 0.4
0.07 0.148 0.666 0.15 0.15 0.25 0.25 0.4 0.4
0.071 0.148 0.667 0.15 0.15 0.25 0.25 0.4 0.4
0.071 0.147 0.668 0.15 0.15 0.25 0.25 0.4 0.4
0.071 0.147 0.669 0.15 0.15 0.25 0.25 0.4 0.4
0.071 0.147 0.67 0.15 0.15 0.25 0.25 0.4 0.4
0.071 0.146 0.67 0.15 0.15 0.25 0.25 0.4 0.4
0.072 0.146 0.671 0.15 0.15 0.25 0.25 0.4 0.4
0.072 0.145 0.672 0.15 0.15 0.25 0.25 0.4 0.4
0.072 0.145 0.673 0.15 0.15 0.25 0.25 0.4 0.4
0.072 0.144 0.674 0.15 0.15 0.25 0.25 0.4 0.4
0.072 0.144 0.675 0.15 0.15 0.25 0.25 0.4 0.4
0.073 0.144 0.676 0.15 0.15 0.25 0.25 0.4 0.4
0.073 0.143 0.677 0.15 0.15 0.25 0.25 0.4 0.4
0.073 0.143 0.678 0.15 0.15 0.25 0.25 0.4 0.4
0.073 0.142 0.678 0.15 0.15 0.25 0.25 0.4 0.4
0.073 0.142 0.679 0.15 0.15 0.25 0.25 0.4 0.4
0.074 0.141 0.68 0.15 0.15 0.25 0.25 0.4 0.4
0.074 0.141 0.681 0.15 0.15 0.25 0.25 0.4 0.4
0.074 0.141 0.682 0.15 0.15 0.25 0.25 0.4 0.4
0.074 0.14 0.683 0.15 0.15 0.25 0.25 0.4 0.4
0.075 0.14 0.684 0.15 0.15 0.25 0.25 0.4 0.4
0.075 0.139 0.685 0.15 0.15 0.25 0.25 0.4 0.4
0.075 0.139 0.685 0.15 0.15 0.25 0.25 0.4 0.4
0.075 0.139 0.686 0.15 0.15 0.25 0.25 0.4 0.4
0.075 0.138 0.687 0.15 0.15 0.25 0.25 0.4 0.4
0.076 0.138 0.688 0.15 0.15 0.25 0.25 0.4 0.4
0.076 0.137 0.689 0.15 0.15 0.25 0.25 0.4 0.4
0.076 0.137 0.69 0.15 0.15 0.25 0.25 0.4 0.4
0.076 0.136 0.691 0.15 0.15 0.25 0.25 0.4 0.4
0.076 0.136 0.692 0.15 0.15 0.25 0.25 0.4 0.4
0.077 0.136 0.693 0.15 0.15 0.25 0.25 0.4 0.4
0.077 0.135 0.693 0.15 0.15 0.25 0.25 0.4 0.4
0.077 0.135 0.694 0.15 0.15 0.25 0.25 0.4 0.4
0.077 0.134 0.695 0.15 0.15 0.25 0.25 0.4 0.4
0.077 0.134 0.696 0.15 0.15 0.25 0.25 0.4 0.4
0.078 0.134 0.697 0.15 0.15 0.25 0.25 0.4 0.4
0.078 0.133 0.698 0.15 0.15 0.25 0.25 0.4 0.4
0.078 0.133 0.699 0.15 0.15 0.25 0.25 0.4 0.4
0.078 0.132 0.7 0.15 0.15 0.25 0.25 0.4 0.4
0.078 0.132 0.701 0.15 0.15 0.25 0.25 0.4 0.4
0.079 0.131 0.701 0.15 0.15 0.25 0.25 0.4 0.4
0.079 0.131 0.702 0.15 0.15 0.25 0.25 0.4 0.4
0.079 0.131 0.703 0.15 0.15 0.25 0.25 0.4 0.4
0.079 0.13 0.704 0.15 0.15 0.25 0.25 0.4 0.4
0.079 0.13 0.705 0.15 0.15 0.25 0.25 0.4 0.4
0.08 0.129 0.706 0.15 0.15 0.25 0.25 0.4 0.4
0.08 0.129 0.707 0.15 0.15 0.25 0.25 0.4 0.4
0.08 0.128 0.708 0.15 0.15 0.25 0.25 0.4 0.4
0.08 0.128 0.708 0.15 0.15 0.25 0.25 0.4 0.4
0.081 0.128 0.709 0.15 0.15 0.25 0.25 0.4 0.4
0.081 0.127 0.71 0.15 0.15 0.25 0.25 0.4 0.4
0.081 0.127 0.711 0.15 0.15 0.25 0.25 0.4 0.4
0.081 0.126 0.712 0.15 0.15 0.25 0.25 0.4 0.4
0.081 0.126 0.713 0.15 0.15 0.25 0.25 0.4 0.4
0.082 0.126 0.714 0.15 0.15 0.25 0.25 0.4 0.4
0.082 0.125 0.715 0.15 0.15 0.25 0.25 0.4 0.4
0.082 0.125 0.716 0.15 0.15 0.25 0.25 0.4 0.4
0.082 0.124 0.716 0.15 0.15 0.25 0.25 0.4 0.4
0.082 0.124 0.717 0.15 0.15 0.25 0.25 0.4 0.4
0.083 0.123 0.718 0.15 0.15 0.25 0.25 0.4 0.4
0.083 0.123 0.719 0.15 0.15 0.25 0.25 0.4 0.4
0.083 0.123 0.72 0.15 0.15 0.25 0.25 0.4 0.4
0.083 0.122 0.721 0.15 0.15 0.25 0.25 0.4 0.4
0.083 0.122 0.722 0.15 0.15 0.25 0.25 0.4 0.4
0.084 0.121 0.723 0.15 0.15 0.25 0.25 0.4 0.4
0.084 0.121 0.723 0.15 0.15 0.25 0.25 0.4 0.4
0.084 0.12 0.724 0.15 0.15 0.25 0.25 0.4 0.4
0.084 0.12 0.725 0.15 0.15 0.25 0.25 0.4 0.4
0.084 0.12 0.726 0.15 0.15 0.25 0.25 0.4 0.4
0.085 0.119 0.727 0.15 0.15 0.25 0.25 0.4 0.4
0.085 0.119 0.728 0.15 0.15 0.25 0.25 0.4 0.4
0.085 0.118 0.729 0.15 0.15 0.25 0.25 0.4 0.4
0.085 0.118 0.73 0.15 0.15 0.25 0.25 0.4 0.4
0.085 0.118 0.731 0.15 0.15 0.25 0.25 0.4 0.4
0.086 0.117 0.731 0.15 0.15 0.25 0.25 0.4 0.4
0.086 0.117 0.732 0.15 0.15 0.25 0.25 0.4 0.4
0.086 0.116 0.733 0.15 0.15 0.25 0.25 0.4 0.4
0.086 0.116 0.734 0.15 0.15 0.25 0.25 0.4 0.4
0.086 0.115 0.735 0.15 0.15 0.25 0.25 0.4 0.4
0.087 0.115 0.736 0.15 0.15 0.25 0.25 0.4 0.4
0.087 0.115 0.737 0.15 0.15 0.25 0.25 0.4 0.4
0.087 0.114 0.738 0.15 0.15 0.25 0.25 0.4 0.4
0.087 0.114 0.738 0.15 0.15 0.25 0.25 0.4 0.4
0.088 0.113 0.739 0.15 0.15 0.25 0.25 0.4 0.4
0.088 0.113 0.74 0.15 0.15 0.25 0.25 0.4 0.4
0.088 0.112 0.741 0.15 0.15 0.25 0.25 0.4 0.4
0.088 0.112 0.742 0.15 0.15 0.25 0.25 0.4 0.4
0.088 0.112 0.743 0.15 0.15 0.25 0.25 0.4 0.4
0.089 0.111 0.744 0.15 0.15 0.25 0.25 0.4 0.4
0.089 0.111 0.745 0.15 0.15 0.25 0.25 0.4 0.4
0.089 0.11 0.746 0.15 0.15 0.25 0.25 0.4 0.4
0.089 0.11 0.746 0.15 0.15 0.25 0.25 0.4 0.4
0.089 0.11 0.747 0.15 0.15 0.25 0.25 0.4 0.4
0.09 0.109 0.748 0.15 0.15 0.25 0.25 0.4 0.4
0.09 0.109 0.749 0.15 0.15 0.25 0.25 0.4 0.4
0.09 0.108 0.75 0.15 0.15 0.25 0.25 0.4 0.4
0.09 0.108 0.751 0.15 0.15 0.25 0.25 0.4 0.4
0.09 0.107 0.752 0.15 0.15 0.25 0.25 0.4 0.4
0.091 0.107 0.753 0.15 0.15 0.25 0.25 0.4 0.4
0.091 0.107 0.754 0.15 0.15 0.25 0.25 0.4 0.4
0.091 0.106 0.754 0.15 0.15 0.25 0.25 0.4 0.4
0.091 0.106 0.755 0.15 0.15 0.25 0.25 0.4 0.4
0.091 0.105 0.756 0.15 0.15 0.25 0.25 0.4 0.4
0.092 0.105 0.757 0.15 0.15 0.25 0.25 0.4 0.4
0.092 0.105 0.758 0.15 0.15 0.25 0.25 0.4 0.4
0.092 0.104 0.759 0.15 0.15 0.25 0.25 0.4 0.4
0.092 0.104 0.76 0.15 0.15 0.25 0.25 0.4 0.4
0.092 0.103 0.761 0.15 0.15 0.25 0.25 0.4 0.4
0.093 0.103 0.761 0.15 0.15 0.25 0.25 0.4 0.4
0.093 0.102 0.762 0.15 0.15 0.25 0.25 0.4 0.4
0.093 0.102 0.763 0.15 0.15 0.25 0.25 0.4 0.4
0.093 0.102 0.764 0.15 0.15 0.25 0.25 0.4 0.4
0.093 0.101 0.765 0.15 0.15 0.25 0.25 0.4 0.4
0.094 0.101 0.766 0.15 0.15 0.25 0.25 0.4 0.4
0.094 0.1 0.767 0.15 0.15 0.25 0.25 0.4 0.4
0.094 0.1 0.768 0.15 0.15 0.25 0.25 0.4 0.4
0.094 0.099 0.769 0.15 0.15 0.25 0.25 0.4 0.4
0.095 0.099 0.769 0.15 0.15 0.25 0.25 0.4 0.4
0.095 0.099 0.77 0.15 0.15 0.25 0.25 0.4 0.4
0.095 0.098 0.771 0.15 0.15 0.25 0.25 0.4 0.4
0.095 0.098 0.772 0.15 0.15 0.25 0.25 0.4 0.4
0.095 0.097 0.773 0.15 0.15 0.25 0.25 0.4 0.4
0.096 0.097 0.774 0.15 0.15 0.25 0.25 0.4 0.4
0.096 0.097 0.775 0.15 0.15 0.25 0.25 0.4 0.4
0.096 0.096 0.776 0.15 0.15 0.25 0.25 0.4 0.4
0.096 0.096 0.776 0.15 0.15 0.25 0.25 0.4 0.4
0.096 0.095 0.777 0.15 0.15 0.25 0.25 0.4 0.4
0.097 0.095 0.778 0.15 0.15 0.25 0.25 0.4 0.4
0.097 0.094 0.779 0.15 0.15 0.25 0.25 0.4 0.4
0.097 0.094 0.78 0.15 0.15 0.25 0.25 0.4 0.4
0.098 0.094 0.781 0.15 0.15 0.25 0.25 0.4 0.4
0.099 0.094 0.781 0.15 0.15 0.25 0.25 0.4 0.4
0.099 0.094 0.782 0.15 0.15 0.25 0.25 0.4 0.4
0.1 0.094 0.782 0.15 0.15 0.25 0.25 0.4 0.4
0.101 0.094 0.783 0.15 0.15 0.25 0.25 0.4 0.4
0.102 0.094 0.783 0.15 0.15 0.25 0.25 0.4 0.4
0.103 0.094 0.784 0.15 0.15 0.25 0.25 0.4 0.4
0.104 0.094 0.785 0.15 0.15 0.25 0.25 0.4 0.4
0.104 0.094 0.785 0.15 0.15 0.25 0.25 0.4 0.4
0.105 0.094 0.786 0.15 0.15 0.25 0.25 0.4 0.4
0.106 0.095 0.786 0.15 0.15 0.25 0.25 0.4 0.4
0.107 0.095 0.787 0.15 0.15 0.25 0.25 0.4 0.4
0.108 0.095 0.787 0.15 0.15 0.25 0.25 0.4 0.4
0.108 0.095 0.788 0.15 0.15 0.25 0.25 0.4 0.4
0.109 0.095 0.789 0.15 0.15 0.25 0.25 0.4 0.4
0.11 0.095 0.789 0.15 0.15 0.25 0.25 0.4 0.4
0.111 0.095 0.79 0.15 0.15 0.25 0.25 0.4 0.4
0.112 0.095 0.79 0.15 0.15 0.25 0.25 0.4 0.4
0.113 0.095 0.791 0.15 0.15 0.25 0.25 0.4 0.4
0.113 0.095 0.791 0.15 0.15 0.25 0.25 0.4 0.4
0.114 0.095 0.792 0.15 0.15 0.25 0.25 0.4 0.4
0.115 0.095 0.793 0.15 0.15 0.25 0.25 0.4 0.4
0.116 0.095 0.793 0.15 0.15 0.25 0.25 0.4 0.4
0.117 0.095 0.794 0.15 0.15 0.25 0.25 0.4 0.4
0.117 0.095 0.794 0.15 0.15 0.25 0.25 0.4 0.4
0.118 0.095 0.795 0.15 0.15 0.25 0.25 0.4 0.4
0.119 0.095 0.795 0.15 0.15 0.25 0.25 0.4 0.4
0.12 0.095 0.796 0.15 0.15 0.25 0.25 0.4 0.4
0.121 0.095 0.797 0.15 0.15 0.25 0.25 0.4 0.4
0.121 0.095 0.797 0.15 0.15 0.25 0.25 0.4 0.4
0.122 0.095 0.798 0.15 0.15 0.25 0.25 0.4 0.4
0.123 0.096 0.798 0.15 0.15 0.25 0.25 0.4 0.4
0.124 0.096 0.799 0.15 0.15 0.25 0.25 0.4 0.4
0.125 0.096 0.799 0.15 0.15 0.25 0.25 0.4 0.4
0.126 0.096 0.8 0.15 0.15 0.25 0.25 0.4 0.4
0.126 0.096 0.801 0.15 0.15 0.25 0.25 0.4 0.4
0.127 0.096 0.801 0.15 0.15 0.25 0.25 0.4 0.4
0.128 0.096 0.802 0.15 0.15 0.25 0.25 0.4 0.4
0.129 0.096 0.802 0.15 0.15 0.25 0.25 0.4 0.4
0.13 0.096 0.803 0.15 0.15 0.25 0.25 0.4 0.4
0.13 0.096 0.803 0.15 0.15 0.25 0.25 0.4 0.4
0.131 0.096 0.804 0.15 0.15 0.25 0.25 0.4 0.4
0.132 0.096 0.805 0.15 0.15 0.25 0.25 0.4 0.4
0.133 0.096 0.805 0.15 0.15 0.25 0.25 0.4 0.4
0.134 0.096 0.806 0.15 0.15 0.25 0.25 0.4 0.4
0.135 0.096 0.806 0.15 0.15 0.25 0.25 0.4 0.4
0.135 0.096 0.807 0.15 0.15 0.25 0.25 0.4 0.4
0.136 0.096 0.807 0.15 0.15 0.25 0.25 0.4 0.4
0.137 0.096 0.808 0.15 0.15 0.25 0.25 0.4 0.4
0.138 0.096 0.809 0.15 0.15 0.25 0.25 0.4 0.4
0.139 0.096 0.809 0.15 0.15 0.25 0.25 0.4 0.4
0.139 0.097 0.81 0.15 0.15 0.25 0.25 0.4 0.4
0.14 0.097 0.81 0.15 0.15 0.25 0.25 0.4 0.4
0.141 0.097 0.811 0.15 0.15 0.25 0.25 0.4 0.4
0.142 0.097 0.811 0.15 0.15 0.25 0.25 0.4 0.4
0.143 0.097 0.812 0.15 0.15 0.25 0.25 0.4 0.4
0.144 0.097 0.813 0.15 0.15 0.25 0.25 0.4 0.4
0.144 0.097 0.813 0.15 0.15 0.25 0.25 0.4 0.4
0.145 0.097 0.814 0.15 0.15 0.25 0.25 0.4 0.4
0.146 0.097 0.814 0.15 0.15 0.25 0.25 0.4 0.4
0.147 0.097 0.815 0.15 0.15 0.25 0.25 0.4 0.4
0.148 0.097 0.815 0.15 0.15 0.25 0.25 0.4 0.4
0.148 0.097 0.816 0.15 0.15 0.25 0.25 0.4 0.4
0.149 0.097 0.817 0.15 0.15 0.25 0.25 0.4 0.4
0.15 0.097 0.817 0.15 0.15 0.25 0.25 0.4 0.4
0.151 0.097 0.818 0.15 0.15 0.25 0.25 0.4 0.4
0.152 0.097 0.818 0.15 0.15 0.25 0.25 0.4 0.4
0.152 0.097 0.819 0.15 0.15 0.25 0.25 0.4 0.4
0.153 0.097 0.819 0.15 0.15 0.25 0.25 0.4 0.4
0.154 0.097 0.82 0.15 0.15 0.25 0.25 0.4 0.4
0.155 0.097 0.821 0.15 0.15 0.25 0.25 0.4 0.4
0.156 0.097 0.821 0.15 0.15 0.25 0.25 0.4 0.4
0.157 0.098 0.822 0.15 0.15 0.25 0.25 0.4 0.4
0.157 0.098 0.822 0.15 0.15 0.25 0.25 0.4 0.4
0.158 0.098 0.823 0.15 0.15 0.25 0.25 0.4 0.4
0.159 0.098 0.823 0.15 0.15 0.25 0.25 0.4 0.4
0.16 0.098 0.824 0.15 0.15 0.25 0.25 0.4 0.4
0.161 0.098 0.825 0.15 0.15 0.25 0.25 0.4 0.4
0.161 0.098 0.825 0.15 0.15 0.25 0.25 0.4 0.4
0.162 0.098 0.826 0.15 0.15 0.25 0.25 0.4 0.4
0.163 0.098 0.826 0.15 0.15 0.25 0.25 0.4 0.4
0.164 0.098 0.827 0.15 0.15 0.25 0.25 0.4 0.4
0.165 0.098 0.827 0.15 0.15 0.25 0.25 0.4 0.4
0.166 0.098 0.828 0.15 0.15 0.25 0.25 0.4 0.4
0.166 0.098 0.829 0.15 0.15 0.25 0.25 0.4 0.4
0.167 0.098 0.829 0.15 0.15 0.25 0.25 0.4 0.4
0.168 0.098 0.83 0.15 0.15 0.25 0.25 0.4 0.4
0.169 0.098 0.83 0.15 0.15 0.25 0.25 0.4 0.4
0.17 0.098 0.831 0.15 0.15 0.25 0.25 0.4 0.4
0.17 0.098 0.832 0.15 0.15 0.25 0.25 0.4 0.4
0.171 0.098 0.832 0.15 0.15 0.25 0.25 0.4 0.4
0.172 0.098 0.833 0.15 0.15 0.25 0.25 0.4 0.4
0.173 0.098 0.833 0.15 0.15 0.25 0.25 0.4 0.4
0.174 0.099 0.834 0.15 0.15 0.25 0.25 0.4 0.4
0.175 0.099 0.834 0.15 0.15 0.25 0.25 0.4 0.4
0.175 0.099 0.835 0.15 0.15 0.25 0.25 0.4 0.4
0.176 0.099 0.836 0.15 0.15 0.25 0.25 0.4 0.4
0.177 0.099 0.836 0.15 0.15 0.25 0.25 0.4 0.4
0.178 0.099 0.837 0.15 0.15 0.25 0.25 0.4 0.4
0.179 0.099 0.837 0.15 0.15 0.25 0.25 0.4 0.4
0.179 0.099 0.838 0.15 0.15 0.25 0.25 0.4 0.4
0.18 0.099 0.838 0.15 0.15 0.25 0.25 0.4 0.4
0.181 0.099 0.839 0.15 0.15 0.25 0.25 0.4 0.4
0.182 0.099 0.84 0.15 0.15 0.25 0.25 0.4 0.4
0.183 0.099 0.84 0.15 0.15 0.25 0.25 0.4 0.4
0.183 0.099 0.841 0.15 0.15 0.25 0.25 0.4 0.4
0.184 0.099 0.841 0.15 0.15 0.25 0.25 0.4 0.4
0.185 0.099 0.842 0.15 0.15 0.25 0.25 0.4 0.4
0.186 0.099 0.842 0.15 0.15 0.25 0.25 0.4 0.4
0.187 0.099 0.843 0.15 0.15 0.25 0.25 0.4 0.4
0.188 0.099 0.844 0.15 0.15 0.25 0.25 0.4 0.4
0.188 0.099 0.844 0.15 0.15 0.25 0.25 0.4 0.4
0.189 0.099 0.845 0.15 0.15 0.25 0.25 0.4 0.4
0.19 0.099 0.845 0.15 0.15 0.25 0.25 0.4 0.4
0.191 0.1 0.846 0.15 0.15 0.25 0.25 0.4 0.4
0.192 0.1 0.846 0.15 0.15 0.25 0.25 0.4 0.4
0.192 0.1 0.847 0.15 0.15 0.25 0.25 0.4 0.4
0.193 0.1 0.848 0.15 0.15 0.25 0.25 0.4 0.4
0.194 0.1 0.848 0.15 0.15 0.25 0.25 0.4 0.4
0.195 0.1 0.849 0.15 0.15 0.25 0.25 0.4 0.4
0.196 0.1 0.849 0.15 0.15 0.25 0.25 0.4 0.4
0.197 0.1 0.85 0.15 0.15 0.25 0.25 0.4 0.4
0.197 0.1 0.85 0.15 0.15 0.25 0.25 0.4 0.4
0.198 0.1 0.851 0.15 0.15 0.25 0.25 0.4 0.4
0.199 0.1 0.852 0.15 0.15 0.25 0.25 0.4 0.4
0.2 0.1 0.852 0.15 0.15 0.25 0.25 0.4 0.4
0.201 0.1 0.853 0.15 0.15 0.25 0.25 0.4 0.4
0.201 0.1 0.853 0.15 0.15 0.25 0.25 0.4 0.4
0.202 0.1 0.854 0.15 0.15 0.25 0.25 0.4 0.4
0.203 0.1 0.854 0.15 0.15 0.25 0.25 0.4 0.4
0.204 0.1 0.855 0.15 0.15 0.25 0.25 0.4 0.4
0.205 0.1 0.856 0.15 0.15 0.25 0.25 0.4 0.4
0.206 0.1 0.856 0.15 0.15 0.25 0.25 0.4 0.4
0.206 0.1 0.857 0.15 0.15 0.25 0.25 0.4 0.4
0.207 0.101 0.857 0.15 0.15 0.25 0.25 0.4 0.4
0.208 0.101 0.858 0.15 0.15 0.25 0.25 0.4 0.4
0.209 0.101 0.858 0.15 0.15 0.25 0.25 0.4 0.4
0.21 0.101 0.859 0.15 0.15 0.25 0.25 0.4 0.4
0.21 0.101 0.86 0.15 0.15 0.25 0.25 0.4 0.4
0.211 0.101 0.86 0.15 0.15 0.25 0.25 0.4 0.4
0.212 0.101 0.861 0.15 0.15 0.25 0.25 0.4 0.4
0.213 0.101 0.861 0.15 0.15 0.25 0.25 0.4 0.4
0.214 0.101 0.862 0.15 0.15 0.25 0.25 0.4 0.4
0.214 0.101 0.862 0.15 0.15 0.25 0.25 0.4 0.4
0.215 0.101 0.863 0.15 0.15 0.25 0.25 0.4 0.4
0.216 0.101 0.864 0.15 0.15 0.25 0.25 0.4 0.4
0.217 0.101 0.864 0.15 0.15 0.25 0.25 0.4 0.4
0.218 0.101 0.865 0.15 0.15 0.25 0.25 0.4 0.4
0.219 0.101 0.865 0.15 0.15 0.25 0.25 0.4 0.4
0.219 0.101 0.866 0.15 0.15 0.25 0.25 0.4 0.4
0.22 0.101 0.866 0.15 0.15 0.25 0.25 0.4 0.4
0.221 0.101 0.867 0.15 0.15 0.25 0.25 0.4 0.4
0.222 0.101 0.868 0.15 0.15 0.25 0.25 0.4 0.4
0.223 0.101 0.868 0.15 0.15 0.25 0.25 0.4 0.4
0.223 0.101 0.869 0.15 0.15 0.25 0.25 0.4 0.4
0.224 0.102 0.869 0.15 0.15 0.25 0.25 0.4 0.4
0.225 0.102 0.87 0.15 0.15 0.25 0.25 0.4 0.4
0.226 0.102 0.87 0.15 0.15 0.25 0.25 0.4 0.4
0.227 0.102 0.871 0.15 0.15 0.25 0.25 0.4 0.4
0.228 0.102 0.872 0.15 0.15 0.25 0.25 0.4 0.4
0.228 0.102 0.872 0.15 0.15 0.25 0.25 0.4 0.4
0.229 0.102 0.873 0.15 0.15 0.25 0.25 0.4 0.4
0.23 0.102 0.873 0.15 0.15 0.25 0.25 0.4 0.4
0.231 0.102 0.874 0.15 0.15 0.25 0.25 0.4 0.4
0.232 0.102 0.874 0.15 0.15 0.25 0.25 0.4 0.4
0.232 0.102 0.875 0.15 0.15 0.25 0.25 0.4 0.4
0.233 0.102 0.876 0.15 0.15 0.25 0.25 0.4 0.4
0.234 0.102 0.876 0.15 0.15 0.25 0.25 0.4 0.4
0.235 0.102 0.877 0.15 0.15 0.25 0.25 0.4 0.4
0.236 0.102 0.877 0.15 0.15 0.25 0.25 0.4 0.4
0.237 0.102 0.878 0.15 0.15 0.25 0.25 0.4 0.4
0.237 0.102 0.878 0.15 0.15 0.25 0.25 0.4 0.4
0.238 0.102 0.879 0.15 0.15 0.25 0.25 0.4 0.4
0.239 0.102 0.88 0.15 0.15 0.25 0.25 0.4 0.4
0.24 0.102 0.88 0.15 0.15 0.25 0.25 0.4 0.4
0.241 0.102 0.881 0.15 0.15 0.25 0.25 0.4 0.4
0.241 0.103 0.881 0.15 0.15 0.25 0.25 0.4 0.4
0.242 0.103 0.882 0.15 0.15 0.25 0.25 0.4 0.4
0.243 0.103 0.882 0.15 0.15 0.25 0.25 0.4 0.4
0.244 0.103 0.883 0.15 0.15 0.25 0.25 0.4 0.4
0.245 0.103 0.884 0.15 0.15 0.25 0.25 0.4 0.4
0.245 0.103 0.884 0.15 0.15 0.25 0.25 0.4 0.4
0.246 0.103 0.885 0.15 0.15 0.25 0.25 0.4 0.4
0.247 0.103 0.885 0.15 0.15 0.25 0.25 0.4 0.4
0.248 0.103 0.886 0.15 0.15 0.25 0.25 0.4 0.4
0.249 0.103 0.886 0.15 0.15 0.25 0.25 0.4 0.4
0.25 0.103 0.887 0.15 0.15 0.25 0.25 0.4 0.4
0.25 0.103 0.888 0.15 0.15 0.25 0.25 0.4 0.4
0.251 0.103 0.888 0.15 0.15 0.25 0.25 0.4 0.4
0.252 0.103 0.889 0.15 0.15 0.25 0.25 0.4 0.4
0.253 0.103 0.889 0.15 0.15 0.25 0.25 0.4 0.4
0.254 0.103 0.89 0.15 0.15 0.25 0.25 0.4 0.4
0.254 0.103 0.89 0.15 0.15 0.25 0.25 0.4 0.4
0.255 0.103 0.891 0.15 0.15 0.25 0.25 0.4 0.4
0.256 0.103 0.892 0.15 0.15 0.25 0.25 0.4 0.4
0.257 0.103 0.892 0.15 0.15 0.25 0.25 0.4 0.4
0.258 0.103 0.893 0.15 0.15 0.25 0.25 0.4 0.4
0.259 0.104 0.893 0.15 0.15 0.25 0.25 0.4 0.4
0.259 0.104 0.894 0.15 0.15 0.25 0.25 0.4 0.4
0.26 0.104 0.894 0.15 0.15 0.25 0.25 0.4 0.4
0.261 0.104 0.895 0.15 0.15 0.25 0.25 0.4 0.4
0.262 0.104 0.896 0.15 0.15 0.25 0.25 0.4 0.4
0.263 0.104 0.896 0.15 0.15 0.25 0.25 0.4 0.4
0.263 0.104 0.897 0.15 0.15 0.25 0.25 0.4 0.4
0.264 0.104 0.897 0.15 0.15 0.25 0.25 0.4 0.4
0.265 0.104 0.898 0.15 0.15 0.25 0.25 0.4 0.4
0.266 0.104 0.898 0.15 0.15 0.25 0.25 0.4 0.4
0.267 0.104 0.899 0.15 0.15 0.25 0.25 0.4 0.4
0.268 0.104 0.9 0.15 0.15 0.25 0.25 0.4 0.4
0.268 0.104 0.9 0.15 0.15 0.25 0.25 0.4 0.4
0.269 0.104 0.901 0.15 0.15 0.25 0.25 0.4 0.4
0.27 0.104 0.901 0.15 0.15 0.25 0.25 0.4 0.4
0.271 0.104 0.902 0.15 0.15 0.25 0.25 0.4 0.4
0.272 0.104 0.902 0.15 0.15 0.25 0.25 0.4 0.4
0.272 0.104 0.903 0.15 0.15 0.25 0.25 0.4 0.4
0.273 0.104 0.904 0.15 0.15 0.25 0.25 0.4 0.4
0.274 0.104 0.904 0.15 0.15 0.25 0.25 0.4 0.4
0.275 0.104 0.905 0.15 0.15 0.25 0.25 0.4 0.4
0.276 0.105 0.905 0.15 0.15 0.25 0.25 0.4 0.4
0.276 0.105 0.906 0.15 0.15 0.25 0.25 0.4 0.4
0.277 0.105 0.906 0.15 0.15 0.25 0.25 0.4 0.4
0.278 0.105 0.907 0.15 0.15 0.25 0.25 0.4 0.4
0.279 0.105 0.908 0.15 0.15 0.25 0.25 0.4 0.4
0.28 0.105 0.908 0.15 0.15 0.25 0.25 0.4 0.4
0.281 0.105 0.909 0.15 0.15 0.25 0.25 0.4 0.4
0.281 0.105 0.909 0.15 0.15 0.25 0.25 0.4 0.4
0.282 0.105 0.91 0.15 0.15 0.25 0.25 0.4 0.4
0.283 0.105 0.91 0.15 0.15 0.25 0.25 0.4 0.4
0.284 0.105 0.911 0.15 0.15 0.25 0.25 0.4 0.4
0.285 0.105 0.912 0.15 0.15 0.25 0.25 0.4 0.4
0.285 0.105 0.912 0.15 0.15 0.25 0.25 0.4 0.4
0.286 0.105 0.913 0.15 0.15 0.25 0.25 0.4 0.4
0.287 0.105 0.913 0.15 0.15 0.25 0.25 0.4 0.4
0.288 0.105 0.914 0.15 0.15 0.25 0.25 0.4 0.4
0.289 0.105 0.914 0.15 0.15 0.25 0.25 0.4 0.4
0.29 0.105 0.915 0.15 0.15 0.25 0.25 0.4 0.4
0.29 0.105 0.916 0.15 0.15 0.25 0.25 0.4 0.4
0.291 0.105 0.916 0.15 0.15 0.25 0.25 0.4 0.4
0.292 0.106 0.917 0.15 0.15 0.25 0.25 0.4 0.4
0.293 0.106 0.917 0.15 0.15 0.25 0.25 0.4 0.4
0.294 0.106 0.918 0.15 0.15 0.25 0.25 0.4 0.4
0.294 0.106 0.918 0.15 0.15 0.25 0.25 0.4 0.4
0.295 0.106 0.919 0.15 0.15 0.25 0.25 0.4 0.4
0.296 0.106 0.92 0.15 0.15 0.25 0.25 0.4 0.4
0.297 0.106 0.92 0.15 0.15 0.25 0.25 0.4 0.4
0.298 0.106 0.921 0.15 0.15 0.25 0.25 0.4 0.4
0.299 0.106 0.921 0.15 0.15 0.25 0.25 0.4 0.4
0.299 0.106 0.922 0.15 0.15 0.25 0.25 0.4 0.4
0.3 0.106 0.922 0.15 0.15 0.25 0.25 0.4 0.4
0.301 0.106 0.923 0.15 0.15 0.25 0.25 0.4 0.4
0.302 0.106 0.924 0.15 0.15 0.25 0.25 0.4 0.4
0.303 0.106 0.924 0.15 0.15 0.25 0.25 0.4 0.4
0.303 0.106 0.925 0.15 0.15 0.25 0.25 0.4 0.4
0.304 0.106 0.925 0.15 0.15 0.25 0.25 0.4 0.4
0.305 0.106 0.926 0.15 0.15 0.25 0.25 0.4 0.4
0.306 0.106 0.926 0.15 0.15 0.25 0.25 0.4 0.4
0.307 0.106 0.927 0.15 0.15 0.25 0.25 0.4 0.4
0.307 0.106 0.928 0.15 0.15 0.25 0.25 0.4 0.4
0.308 0.106 0.928 0.15 0.15 0.25 0.25 0.4 0.4
0.309 0.107 0.929 0.15 0.15 0.25 0.25 0.4 0.4
0.31 0.107 0.929 0.15 0.15 0.25 0.25 0.4 0.4
0.311 0.107 0.93 0.15 0.15 0.25 0.25 0.4 0.4
0.312 0.107 0.93 0.15 0.15 0.25 0.25 0.4 0.4
0.312 0.107 0.931 0.15 0.15 0.25 0.25 0.4 0.4
0.313 0.107 0.932 0.15 0.15 0.25 0.25 0.4 0.4
0.314 0.107 0.932 0.15 0.15 0.25 0.25 0.4 0.4
0.315 0.107 0.933 0.15 0.15 0.25 0.25 0.4 0.4
0.316 0.107 0.933 0.15 0.15 0.25 0.25 0.4 0.4
0.316 0.107 0.934 0.15 0.15 0.25 0.25 0.4 0.4
0.317 0.107 0.935 0.15 0.15 0.25 0.25 0.4 0.4
0.318 0.107 0.935 0.15 0.15 0.25 0.25 0.4 0.4
0.319 0.107 0.936 0.15 0.15 0.25 0.25 0.4 0.4
0.32 0.107 0.936 0.15 0.15 0.25 0.25 0.4 0.4
0.321 0.107 0.937 0.15 0.15 0.25 0.25 0.4 0.4
0.321 0.107 0.937 0.15 0.15 0.25 0.25 0.4 0.4
0.322 0.107 0.938 0.15 0.15 0.25 0.25 0.4 0.4
0.323 0.107 0.939 0.15 0.15 0.25 0.25 0.4 0.4
0.324 0.107 0.939 0.15 0.15 0.25 0.25 0.4 0.4
0.325 0.107 0.94 0.15 0.15 0.25 0.25 0.4 0.4
0.325 0.107 0.94 0.15 0.15 0.25 0.25 0.4 0.4
0.326 0.108 0.941 0.15 0.15 0.25 0.25 0.4 0.4
0.327 0.108 0.941 0.15 0.15 0.25 0.25 0.4 0.4
0.328 0.108 0.942 0.15 0.15 0.25 0.25 0.4 0.4
0.329 0.108 0.943 0.15 0.15 0.25 0.25 0.4 0.4
0.33 0.108 0.943 0.15 0.15 0.25 0.25 0.4 0.4
0.33 0.108 0.944 0.15 0.15 0.25 0.25 0.4 0.4
0.331 0.108 0.944 0.15 0.15 0.25 0.25 0.4 0.4
0.332 0.108 0.945 0.15 0.15 0.25 0.25 0.4 0.4
0.333 0.108 0.945 0.15 0.15 0.25 0.25 0.4 0.4
0.334 0.108 0.946 0.15 0.15 0.25 0.25 0.4 0.4
0.334 0.108 0.947 0.15 0.15 0.25 0.25 0.4 0.4
0.335 0.108 0.947 0.15 0.15 0.25 0.25 0.4 0.4
0.336 0.108 0.948 0.15 0.15 0.25 0.25 0.4 0.4
0.337 0.108 0.948 0.15 0.15 0.25 0.25 0.4 0.4
0.338 0.108 0.949 0.15 0.15 0.25 0.25 0.4 0.4
0.338 0.108 0.949 0.15 0.15 0.25 0.25 0.4 0.4
0.339 0.108 0.95 0.15 0.15 0.25 0.25 0.4 0.4
0.34 0.108 0.951 0.15 0.15 0.25 0.25 0.4 0.4
0.341 0.108 0.951 0.15 0.15 0.25 0.25 0.4 0.4
0.342 0.108 0.952 0.15 0.15 0.25 0.25 0.4 0.4
0.343 0.108 0.952 0.15 0.15 0.25 0.25 0.4 0.4
0.343 0.109 0.953 0.15 0.15 0.25 0.25 0.4 0.4
0.344 0.109 0.953 0.15 0.15 0.25 0.25 0.4 0.4
0.345 0.109 0.954 0.15 0.15 0.25 0.25 0.4 0.4
0.346 0.109 0.955 0.15 0.15 0.25 0.25 0.4 0.4
0.347 0.109 0.955 0.15 0.15 0.25 0.25 0.4 0.4
0.347 0.109 0.956 0.15 0.15 0.25 0.25 0.4 0.4
0.348 0.109 0.956 0.15 0.15 0.25 0.25 0.4 0.4
0.349 0.109 0.957 0.15 0.15 0.25 0.25 0.4 0.4
0.35 0.109 0.957 0.15 0.15 0.25 0.25 0.4 0.4
0.351 0.109 0.958 0.15 0.15 0.25 0.25 0.4 0.4
0.352 0.109 0.959 0.15 0.15 0.25 0.25 0.4 0.4
0.352 0.109 0.959 0.15 0.15 0.25 0.25 0.4 0.4
0.353 0.109 0.96 0.15 0.15 0.25 0.25 0.4 0.4
0.354 0.109 0.96 0.15 0.15 0.25 0.25 0.4 0.4
0.355 0.109 0.961 0.15 0.15 0.25 0.25 0.4 0.4
0.356 0.109 0.961 0.15 0.15 0.25 0.25 0.4 0.4
0.356 0.109 0.962 0.15 0.15 0.25 0.25 0.4 0.4
0.357 0.109 0.963 0.15 0.15 0.25 0.25 0.4 0.4
0.358 0.109 0.963 0.15 0.15 0.25 0.25 0.4 0.4
0.359 0.109 0.964 0.15 0.15 0.25 0.25 0.4 0.4
0.36 0.11 0.964 0.15 0.15 0.25 0.25 0.4 0.4
0.361 0.11 0.965 0.15 0.15 0.25 0.25 0.4 0.4
0.361 0.11 0.965 0.15 0.15 0.25 0.25 0.4 0.4
0.362 0.11 0.966 0.15 0.15 0.25 0.25 0.4 0.4
0.363 0.11 0.967 0.15 0.15 0.25 0.25 0.4 0.4
0.364 0.11 0.967 0.15 0.15 0.25 0.25 0.4 0.4
0.365 0.11 0.968 0.15 0.15 0.25 0.25 0.4 0.4
0.365 0.11 0.968 0.15 0.15 0.25 0.25 0.4 0.4
0.366 0.11 0.969 0.15 0.15 0.25 0.25 0.4 0.4
0.367 0.11 0.969 0.15 0.15 0.25 0.25 0.4 0.4
0.368 0.11 0.97 0.15 0.15 0.25 0.25 0.4 0.4
0.369 0.11 0.971 0.15 0.15 0.25 0.25 0.4 0.4
0.369 0.11 0.971 0.15 0.15 0.25 0.25 0.4 0.4
0.37 0.11 0.972 0.15 0.15 0.25 0.25 0.4 0.4
0.371 0.11 0.972 0.15 0.15 0.25 0.25 0.4 0.4
0.372 0.11 0.973 0.15 0.15 0.25 0.25 0.4 0.4
0.373 0.11 0.973 0.15 0.15 0.25 0.25 0.4 0.4
0.374 0.11 0.974 0.15 0.15 0.25 0.25 0.4 0.4
0.374 0.11 0.975 0.15 0.15 0.25 0.25 0.4 0.4
0.375 0.11 0.975 0.15 0.15 0.25 0.25 0.4 0.4
0.376 0.11 0.976 0.15 0.15 0.25 0.25 0.4 0.4
0.377 0.111 0.976 0.15 0.15 0.25 0.25 0.4 0.4
0.378 0.111 0.977 0.15 0.15 0.25 0.25 0.4 0.4
0.378 0.111 0.977 0.15 0.15 0.25 0.25 0.4 0.4
0.379 0.111 0.978 0.15 0.15 0.25 0.25 0.4 0.4
0.38 0.111 0.979 0.15 0.15 0.25 0.25 0.4 0.4
0.381 0.111 0.979 0.15 0.15 0.25 0.25 0.4 0.4
0.382 0.111 0.98 0.15 0.15 0.25 0.25 0.4 0.4
0.383 0.111 0.98 0.15 0.15 0.25 0.25 0.4 0.4
0.383 0.111 0.981 0.15 0.15 0.25 0.25 0.4 0.4
0.384 0.111 0.981 0.15 0.15 0.25 0.25 0.4 0.4
0.385 0.111 0.982 0.15 0.15 0.25 0.25 0.4 0.4
0.386 0.111 0.983 0.15 0.15 0.25 0.25 0.4 0.4
0.386 0.111 0.984 0.15 0.15 0.25 0.25 0.4 0.4
0.387 0.111 0.984 0.15 0.15 0.25 0.25 0.4 0.4
0.387 0.11 0.985 0.15 0.15 0.25 0.25 0.4 0.4
0.388 0.11 0.986 0.15 0.15 0.25 0.25 0.4 0.4
0.388 0.11 0.987 0.15 0.15 0.25 0.25 0.4 0.4
0.389 0.11 0.988 0.15 0.15 0.25 0.25 0.4 0.4
0.39 0.11 0.988 0.15 0.15 0.25 0.25 0.4 0.4
0.39 0.11 0.989 0.15 0.15 0.25 0.25 0.4 0.4
0.391 0.109 0.99 0.15 0.15 0.25 0.25 0.4 0.4
0.391 0.109 0.991 0.15 0.15 0.25 0.25 0.4 0.4
0.392 0.109 0.992 0.15 0.15 0.25 0.25 0.4 0.4
0.392 0.109 0.992 0.15 0.15 0.25 0.25 0.4 0.4
0.393 0.109 0.993 0.15 0.15 0.25 0.25 0.4 0.4
0.394 0.109 0.994 0.15 0.15 0.25 0.25 0.4 0.4
0.394 0.109 0.995 0.15 0.15 0.25 0.25 0.4 0.4
0.395 0.108 0.996 0.15 0.15 0.25 0.25 0.4 0.4
0.395 0.108 0.996 0.15 0.15 0.25 0.25 0.4 0.4
0.396 0.108 0.997 0.15 0.15 0.25 0.25 0.4 0.4
0.396 0.108 0.998 0.15 0.15 0.25 0.25 0.4 0.4
0.397 0.108 0.999 0.15 0.15 0.25 0.25 0.4 0.4
0.398 0.108 1.0 0.15 0.15 0.25 0.25 0.4 0.4
0.398 0.108 1.0 0.15 0.15 0.25 0.25 0.4 0.4
0.399 0.107 1.001 0.15 0.15 0.25 0.25 0.4 0.4
0.399 0.107 1.002 0.15 0.15 0.25 0.25 0.4 0.4
0.4 0.107 1.003 0.15 0.15 0.25 0.25 0.4 0.4
0.4 0.107 1.004 0.15 0.15 0.25 0.25 0.4 0.4
0.401 0.107 1.005 0.15 0.15 0.25 0.25 0.4 0.4
0.402 0.107 1.005 0.15 0.15 0.25 0.25 0.4 0.4
0.402 0.106 1.006 0.15 0.15 0.25 0.25 0.4 0.4
0.403 0.106 1.007 0.15 0.15 0.25 0.25 0.4 0.4
0.403 0.106 1.008 0.15 0.15 0.25 0.25 0.4 0.4
0.404 0.106 1.009 0.15 0.15 0.25 0.25 0.4 0.4
0.404 0.106 1.009 0.15 0.15 0.25 0.25 0.4 0.4
0.405 0.106 1.01 0.15 0.15 0.25 0.25 0.4 0.4
0.406 0.106 1.011 0.15 0.15 0.25 0.25 0.4 0.4
0.406 0.105 1.012 0.15 0.15 0.25 0.25 0.4 0.4
0.407 0.105 1.013 0.15 0.15 0.25 0.25 0.4 0.4
0.407 0.105 1.013 0.15 0.15 0.25 0.25 0.4 0.4
0.408 0.105 1.014 0.15 0.15 0.25 0.25 0.4 0.4
0.408 0.105 1.015 0.15 0.15 0.25 0.25 0.4 0.4
0.409 0.105 1.016 0.15 0.15 0.25 0.25 0.4 0.4
0.41 0.105 1.017 0.15 0.15 0.25 0.25 0.4 0.4
0.41 0.104 1.017 0.15 0.15 0.25 0.25 0.4 0.4
0.411 0.104 1.018 0.15 0.15 0.25 0.25 0.4 0.4
0.411 0.104 1.019 0.15 0.15 0.25 0.25 0.4 0.4
0.412 0.104 1.02 0.15 0.15 0.25 0.25 0.4 0.4
0.412 0.104 1.021 0.15 0.15 0.25 0.25 0.4 0.4
0.413 0.104 1.021 0.15 0.15 0.25 0.25 0.4 0.4
0.414 0.103 1.022 0.15 0.15 0.25 0.25 0.4 0.4
0.414 0.103 1.023 0.15 0.15 0.25 0.25 0.4 0.4
0.415 0.103 1.024 0.15 0.15 0.25 0.25 0.4 0.4
0.415 0.103 1.025 0.15 0.15 0.25 0.25 0.4 0.4
0.416 0.103 1.025 0.15 0.15 0.25 0.25 0.4 0.4
0.417 0.103 1.026 0.15 0.15 0.25 0.25 0.4 0.4
0.417 0.103 1.027 0.15 0.15 0.25 0.25 0.4 0.4
0.418 0.102 1.028 0.15 0.15 0.25 0.25 0.4 0.4
0.418 0.102 1.029 0.15 0.15 0.25 0.25 0.4 0.4
0.419 0.102 1.029 0.15 0.15 0.25 0.25 0.4 0.4
0.419 0.102 1.03 0.15 0.15 0.25 0.25 0.4 0.4
0.42 0.102 1.031 0.15 0.15 0.25 0.25 0.4 0.4
0.421 0.102 1.032 0.15 0.15 0.25 0.25 0.4 0.4
0.421 0.102 1.033 0.15 0.15 0.25 0.25 0.4 0.4
0.422 0.101 1.033 0.15 0.15 0.25 0.25 0.4 0.4
0.422 0.101 1.034 0.15 0.15 0.25 0.25 0.4 0.4
0.423 0.101 1.035 0.15 0.15 0.25 0.25 0.4 0.4
0.423 0.101 1.036 0.15 0.15 0.25 0.25 0.4 0.4
0.424 0.101 1.037 0.15 0.15 0.25 0.25 0.4 0.4
0.425 0.101 1.037 0.15 0.15 0.25 0.25 0.4 0.4
0.425 0.1 1.038 0.15 0.15 0.25 0.25 0.4 0.4
0.426 0.1 1.039 0.15 0.15 0.25 0.25 0.4 0.4
0.426 0.1 1.04 0.15 0.15 0.25 0.25 0.4 0.4
0.427 0.1 1.041 0.15 0.15 0.25 0.25 0.4 0.4
0.427 0.1 1.041 0.15 0.15 0.25 0.25 0.4 0.4
0.428 0.1 1.042 0.15 0.15 0.25 0.25 0.4 0.4
0.429 0.1 1.043 0.15 0.15 0.25 0.25 0.4 0.4
0.429 0.099 1.044 0.15 0.15 0.25 0.25 0.4 0.4
0.43 0.099 1.045 0.15 0.15 0.25 0.25 0.4 0.4
0.43 0.099 1.046 0.15 0.15 0.25 0.25 0.4 0.4
0.431 0.099 1.046 0.15 0.15 0.25 0.25 0.4 0.4
0.431 0.099 1.047 0.15 0.15 0.25 0.25 0.4 0.4
0.432 0.099 1.048 0.15 0.15 0.25 0.25 0.4 0.4
0.433 0.098 1.049 0.15 0.15 0.25 0.25 0.4 0.4
0.433 0.098 1.05 0.15 0.15 0.25 0.25 0.4 0.4
0.434 0.098 1.05 0.15 0.15 0.25 0.25 0.4 0.4
0.434 0.098 1.051 0.15 0.15 0.25 0.25 0.4 0.4
0.435 0.098 1.052 0.15 0.15 0.25 0.25 0.4 0.4
0.435 0.098 1.053 0.15 0.15 0.25 0.25 0.4 0.4
0.436 0.098 1.054 0.15 0.15 0.25 0.25 0.4 0.4
0.437 0.097 1.054 0.15 0.15 0.25 0.25 0.4 0.4
0.437 0.097 1.055 0.15 0.15 0.25 0.25 0.4 0.4
0.438 0.097 1.056 0.15 0.15 0.25 0.25 0.4 0.4
0.438 0.097 1.057 0.15 0.15 0.25 0.25 0.4 0.4
0.439 0.097 1.058 0.15 0.15 0.25 0.25 0.4 0.4
0.439 0.097 1.058 0.15 0.15 0.25 0.25 0.4 0.4
0.44 0.097 1.059 0.15 0.15 0.25 0.25 0.4 0.4
0.441 0.096 1.06 0.15 0.15 0.25 0.25 0.4 0.4
0.441 0.096 1.061 0.15 0.15 0.25 0.25 0.4 0.4
0.442 0.096 1.062 0.15 0.15 0.25 0.25 0.4 0.4
0.442 0.096 1.062 0.15 0.15 0.25 0.25 0.4 0.4
0.443 0.096 1.063 0.15 0.15 0.25 0.25 0.4 0.4
0.443 0.096 1.064 0.15 0.15 0.25 0.25 0.4 0.4
0.444 0.095 1.065 0.15 0.15 0.25 0.25 0.4 0.4
0.445 0.095 1.066 0.15 0.15 0.25 0.25 0.4 0.4
0.445 0.095 1.066 0.15 0.15 0.25 0.25 0.4 0.4
0.446 0.095 1.067 0.15 0.15 0.25 0.25 0.4 0.4
0.446 0.095 1.068 0.15 0.15 0.25 0.25 0.4 0.4
0.447 0.095 1.069 0.15 0.15 0.25 0.25 0.4 0.4
0.447 0.095 1.07 0.15 0.15 0.25 0.25 0.4 0.4
0.448 0.094 1.07 0.15 0.15 0.25 0.25 0.4 0.4
0.449 0.094 1.071 0.15 0.15 0.25 0.25 0.4 0.4
0.449 0.094 1.072 0.15 0.15 0.25 0.25 0.4 0.4
0.45 0.094 1.073 0.15 0.15 0.25 0.25 0.4 0.4
0.45 0.094 1.074 0.15 0.15 0.25 0.25 0.4 0.4
0.451 0.094 1.074 0.15 0.15 0.25 0.25 0.4 0.4
0.451 0.094 1.075 0.15 0.15 0.25 0.25 0.4 0.4
0.452 0.093 1.076 0.15 0.15 0.25 0.25 0.4 0.4
0.453 0.093 1.077 0.15 0.15 0.25 0.25 0.4 0.4
0.453 0.093 1.078 0.15 0.15 0.25 0.25 0.4 0.4
0.454 0.093 1.078 0.15 0.15 0.25 0.25 0.4 0.4
0.454 0.093 1.079 0.15 0.15 0.25 0.25 0.4 0.4
0.455 0.093 1.08 0.15 0.15 0.25 0.25 0.4 0.4
0.455 0.092 1.081 0.15 0.15 0.25 0.25 0.4 0.4
0.456 0.092 1.082 0.15 0.15 0.25 0.25 0.4 0.4
0.457 0.092 1.083 0.15 0.15 0.25 0.25 0.4 0.4
0.457 0.092 1.083 0.15 0.15 0.25 0.25 0.4 0.4
0.458 0.092 1.084 0.15 0.15 0.25 0.25 0.4 0.4
0.458 0.092 1.085 0.15 0.15 0.25 0.25 0.4 0.4
0.459 0.092 1.086 0.15 0.15 0.25 0.25 0.4 0.4
0.459 0.091 1.087 0.15 0.15 0.25 0.25 0.4 0.4
0.46 0.091 1.087 0.15 0.15 0.25 0.25 0.4 0.4
0.461 0.091 1.088 0.15 0.15 0.25 0.25 0.4 0.4
0.461 0.091 1.089 0.15 0.15 0.25 0.25 0.4 0.4
0.462 0.091 1.09 0.15 0.15 0.25 0.25 0.4 0.4
0.462 0.091 1.091 0.15 0.15 0.25 0.25 0.4 0.4
0.463 0.09 1.091 0.15 0.15 0.25 0.25 0.4 0.4
0.463 0.09 1.092 0.15 0.15 0.25 0.25 0.4 0.4
0.464 0.09 1.093 0.15 0.15 0.25 0.25 0.4 0.4
0.465 0.09 1.094 0.15 0.15 0.25 0.25 0.4 0.4
0.465 0.09 1.095 0.15 0.15 0.25 0.25 0.4 0.4
0.466 0.09 1.095 0.15 0.15 0.25 0.25 0.4 0.4
0.466 0.09 1.096 0.15 0.15 0.25 0.25 0.4 0.4
0.467 0.089 1.097 0.15 0.15 0.25 0.25 0.4 0.4
0.467 0.089 1.098 0.15 0.15 0.25 0.25 0.4 0.4
0.468 0.089 1.099 0.15 0.15 0.25 0.25 0.4 0.4
0.469 0.089 1.099 0.15 0.15 0.25 0.25 0.4 0.4
0.469 0.089 1.1 0.15 0.15 0.25 0.25 0.4 0.4
0.47 0.089 1.101 0.15 0.15 0.25 0.25 0.4 0.4
0.47 0.089 1.102 0.15 0.15 0.25 0.25 0.4 0.4
0.471 0.088 1.103 0.15 0.15 0.25 0.25 0.4 0.4
0.472 0.088 1.103 0.15 0.15 0.25 0.25 0.4 0.4
0.472 0.088 1.104 0.15 0.15 0.25 0.25 0.4 0.4
0.473 0.088 1.105 0.15 0.15 0.25 0.25 0.4 0.4
0.473 0.088 1.106 0.15 0.15 0.25 0.25 0.4 0.4
0.474 0.088 1.107 0.15 0.15 0.25 0.25 0.4 0.4
0.474 0.087 1.107 0.15 0.15 0.25 0.25 0.4 0.4
0.475 0.087 1.108 0.15 0.15 0.25 0.25 0.4 0.4
0.476 0.087 1.109 0.15 0.15 0.25 0.25 0.4 0.4
0.476 0.087 1.11 0.15 0.15 0.25 0.25 0.4 0.4
0.477 0.087 1.111 0.15 0.15 0.25 0.25 0.4 0.4
0.477 0.087 1.111 0.15 0.15 0.25 0.25 0.4 0.4
0.478 0.087 1.112 0.15 0.15 0.25 0.25 0.4 0.4
0.478 0.086 1.113 0.15 0.15 0.25 0.25 0.4 0.4
0.479 0.086 1.114 0.15 0.15 0.25 0.25 0.4 0.4
0.48 0.086 1.115 0.15 0.15 0.25 0.25 0.4 0.4
0.48 0.086 1.115 0.15 0.15 0.25 0.25 0.4 0.4
0.481 0.086 1.116 0.15 0.15 0.25 0.25 0.4 0.4
0.481 0.086 1.117 0.15 0.15 0.25 0.25 0.4 0.4
0.482 0.086 1.118 0.15 0.15 0.25 0.25 0.4 0.4
0.482 0.085 1.119 0.15 0.15 0.25 0.25 0.4 0.4
0.483 0.085 1.119 0.15 0.15 0.25 0.25 0.4 0.4
0.484 0.085 1.12 0.15 0.15 0.25 0.25 0.4 0.4
0.484 0.085 1.121 0.15 0.15 0.25 0.25 0.4 0.4
0.485 0.085 1.122 0.15 0.15 0.25 0.25 0.4 0.4
0.485 0.085 1.123 0.15 0.15 0.25 0.25 0.4 0.4
0.486 0.084 1.124 0.15 0.15 0.25 0.25 0.4 0.4
0.486 0.084 1.124 0.15 0.15 0.25 0.25 0.4 0.4
0.487 0.084 1.125 0.15 0.15 0.25 0.25 0.4 0.4
0.488 0.084 1.126 0.15 0.15 0.25 0.25 0.4 0.4
0.488 0.084 1.127 0.15 0.15 0.25 0.25 0.4 0.4
0.489 0.084 1.128 0.15 0.15 0.25 0.25 0.4 0.4
0.489 0.084 1.128 0.15 0.15 0.25 0.25 0.4 0.4
0.49 0.083 1.129 0.15 0.15 0.25 0.25 0.4 0.4
0.49 0.083 1.13 0.15 0.15 0.25 0.25 0.4 0.4
0.491 0.083 1.131 0.15 0.15 0.25 0.25 0.4 0.4
0.492 0.083 1.132 0.15 0.15 0.25 0.25 0.4 0.4
0.492 0.083 1.132 0.15 0.15 0.25 0.25 0.4 0.4
0.493 0.083 1.133 0.15 0.15 0.25 0.25 0.4 0.4
0.493 0.083 1.134 0.15 0.15 0.25 0.25 0.4 0.4
0.494 0.082 1.135 0.15 0.15 0.25 0.25 0.4 0.4
0.494 0.082 1.136 0.15 0.15 0.25 0.25 0.4 0.4
0.495 0.082 1.136 0.15 0.15 0.25 0.25 0.4 0.4
0.496 0.082 1.137 0.15 0.15 0.25 0.25 0.4 0.4
0.496 0.082 1.138 0.15 0.15 0.25 0.25 0.4 0.4
0.497 0.082 1.139 0.15 0.15 0.25 0.25 0.4 0.4
0.497 0.081 1.14 0.15 0.15 0.25 0.25 0.4 0.4
0.498 0.081 1.14 0.15 0.15 0.25 0.25 0.4 0.4
0.498 0.081 1.141 0.15 0.15 0.25 0.25 0.4 0.4
0.499 0.081 1.142 0.15 0.15 0.25 0.25 0.4 0.4
0.499 0.081 1.143 0.15 0.15 0.25 0.25 0.4 0.4
0.498 0.082 1.144 0.15 0.15 0.25 0.25 0.4 0.4
0.498 0.082 1.145 0.15 0.15 0.25 0.25 0.4 0.4
0.497 0.083 1.145 0.15 0.15 0.25 0.25 0.4 0.4
0.497 0.083 1.146 0.15 0.15 0.25 0.25 0.4 0.4
0.497 0.083 1.147 0.15 0.15 0.25 0.25 0.4 0.4
0.496 0.084 1.148 0.15 0.15 0.25 0.25 0.4 0.4
0.496 0.084 1.149 0.15 0.15 0.25 0.25 0.4 0.4
0.496 0.084 1.15 0.15 0.15 0.25 0.25 0.4 0.4
0.495 0.085 1.15 0.15 0.15 0.25 0.25 0.4 0.4
0.495 0.085 1.151 0.15 0.15 0.25 0.25 0.4 0.4
0.494 0.086 1.152 0.15 0.15 0.25 0.25 0.4 0.4
0.494 0.086 1.153 0.15 0.15 0.25 0.25 0.4 0.4
0.494 0.086 1.154 0.15 0.15 0.25 0.25 0.4 0.4
0.493 0.087 1.155 0.15 0.15 0.25 0.25 0.4 0.4
0.493 0.087 1.155 0.15 0.15 0.25 0.25 0.4 0.4
0.493 0.087 1.156 0.15 0.15 0.25 0.25 0.4 0.4
0.492 0.088 1.157 0.15 0.15 0.25 0.25 0.4 0.4
0.492 0.088 1.158 0.15 0.15 0.25 0.25 0.4 0.4
0.491 0.089 1.159 0.15 0.15 0.25 0.25 0.4 0.4
0.491 0.089 1.16 0.15 0.15 0.25 0.25 0.4 0.4
0.491 0.089 1.16 0.15 0.15 0.25 0.25 0.4 0.4
0.49 0.09 1.161 0.15 0.15 0.25 0.25 0.4 0.4
0.49 0.09 1.162 0.15 0.15 0.25 0.25 0.4 0.4
0.489 0.091 1.163 0.15 0.15 0.25 0.25 0.4 0.4
0.489 0.091 1.164 0.15 0.15 0.25 0.25 0.4 0.4
0.489 0.091 1.165 0.15 0.15 0.25 0.25 0.4 0.4
0.488 0.092 1.166 0.15 0.15 0.25 0.25 0.4 0.4
0.488 0.092 1.166 0.15 0.15 0.25 0.25 0.4 0.4
0.488 0.092 1.167 0.15 0.15 0.25 0.25 0.4 0.4
0.487 0.093 1.168 0.15 0.15 0.25 0.25 0.4 0.4
0.487 0.093 1.169 0.15 0.15 0.25 0.25 0.4 0.4
0.486 0.094 1.17 0.15 0.15 0.25 0.25 0.4 0.4
0.486 0.094 1.171 0.15 0.15 0.25 0.25 0.4 0.4
0.486 0.094 1.171 0.15 0.15 0.25 0.25 0.4 0.4
0.485 0.095 1.172 0.15 0.15 0.25 0.25 0.4 0.4
0.485 0.095 1.173 0.15 0.15 0.25 0.25 0.4 0.4
0.485 0.095 1.174 0.15 0.15 0.25 0.25 0.4 0.4
0.484 0.096 1.175 0.15 0.15 0.25 0.25 0.4 0.4
0.484 0.096 1.176 0.15 0.15 0.25 0.25 0.4 0.4
0.483 0.097 1.176 0.15 0.15 0.25 0.25 0.4 0.4
0.483 0.097 1.177 0.15 0.15 0.25 0.25 0.4 0.4
0.483 0.097 1.178 0.15 0.15 0.25 0.25 0.4 0.4
0.482 0.098 1.179 0.15 0.15 0.25 0.25 0.4 0.4
0.482 0.098 1.18 0.15 0.15 0.25 0.25 0.4 0.4
0.481 0.099 1.181 0.15 0.15 0.25 0.25 0.4 0.4
0.481 0.099 1.182 0.15 0.15 0.25 0.25 0.4 0.4
0.481 0.099 1.182 0.15 0.15 0.25 0.25 0.4 0.4
0.48 0.1 1.183 0.15 0.15 0.25 0.25 0.4 0.4
0.48 0.1 1.184 0.15 0.15 0.25 0.25 0.4 0.4
0.48 0.1 1.185 0.15 0.15 0.25 0.25 0.4 0.4
0.479 0.101 1.186 0.15 0.15 0.25 0.25 0.4 0.4
0.479 0.101 1.187 0.15 0.15 0.25 0.25 0.4 0.4
0.478 0.102 1.187 0.15 0.15 0.25 0.25 0.4 0.4
0.478 0.102 1.188 0.15 0.15 0.25 0.25 0.4 0.4
0.478 0.102 1.189 0.15 0.15 0.25 0.25 0.4 0.4
0.477 0.103 1.19 0.15 0.15 0.25 0.25 0.4 0.4
0.477 0.103 1.191 0.15 0.15 0.25 0.25 0.4 0.4
0.476 0.104 1.192 0.15 0.15 0.25 0.25 0.4 0.4
0.476 0.104 1.192 0.15 0.15 0.25 0.25 0.4 0.4
0.476 0.104 1.193 0.15 0.15 0.25 0.25 0.4 0.4
0.475 0.105 1.194 0.15 0.15 0.25 0.25 0.4 0.4
0.475 0.105 1.195 0.15 0.15 0.25 0.25 0.4 0.4
0.475 0.105 1.196 0.15 0.15 0.25 0.25 0.4 0.4
0.474 0.106 1.197 0.15 0.15 0.25 0.25 0.4 0.4
0.474 0.106 1.197 0.15 0.15 0.25 0.25 0.4 0.4
0.473 0.107 1.198 0.15 0.15 0.25 0.25 0.4 0.4
0.473 0.107 1.199 0.15 0.15 0.25 0.25 0.4 0.4
0.473 0.107 1.2 0.15 0.15 0.25 0.25 0.4 0.4
0.472 0.108 1.201 0.15 0.15 0.25 0.25 0.4 0.4
0.472 0.108 1.202 0.15 0.15 0.25 0.25 0.4 0.4
0.472 0.108 1.203 0.15 0.15 0.25 0.25 0.4 0.4
0.471 0.109 1.203 0.15 0.15 0.25 0.25 0.4 0.4
0.471 0.109 1.204 0.15 0.15 0.25 0.25 0.4 0.4
0.47 0.11 1.205 0.15 0.15 0.25 0.25 0.4 0.4
0.47 0.11 1.206 0.15 0.15 0.25 0.25 0.4 0.4
0.47 0.11 1.207 0.15 0.15 0.25 0.25 0.4 0.4
0.469 0.111 1.208 0.15 0.15 0.25 0.25 0.4 0.4
0.469 0.111 1.208 0.15 0.15 0.25 0.25 0.4 0.4
0.468 0.112 1.209 0.15 0.15 0.25 0.25 0.4 0.4
0.468 0.112 1.21 0.15 0.15 0.25 0.25 0.4 0.4
0.468 0.112 1.211 0.15 0.15 0.25 0.25 0.4 0.4
0.467 0.113 1.212 0.15 0.15 0.25 0.25 0.4 0.4
0.467 0.113 1.213 0.15 0.15 0.25 0.25 0.4 0.4
0.467 0.113 1.213 0.15 0.15 0.25 0.25 0.4 0.4
0.466 0.114 1.214 0.15 0.15 0.25 0.25 0.4 0.4
0.466 0.114 1.215 0.15 0.15 0.25 0.25 0.4 0.4
0.465 0.115 1.216 0.15 0.15 0.25 0.25 0.4 0.4
0.465 0.115 1.217 0.15 0.15 0.25 0.25 0.4 0.4
0.465 0.115 1.218 0.15 0.15 0.25 0.25 0.4 0.4
0.464 0.116 1.219 0.15 0.15 0.25 0.25 0.4 0.4
0.464 0.116 1.219 0.15 0.15 0.25 0.25 0.4 0.4
0.464 0.116 1.22 0.15 0.15 0.25 0.25 0.4 0.4
0.463 0.117 1.221 0.15 0.15 0.25 0.25 0.4 0.4
0.463 0.117 1.222 0.15 0.15 0.25 0.25 0.4 0.4
0.462 0.118 1.223 0.15 0.15 0.25 0.25 0.4 0.4
0.462 0.118 1.224 0.15 0.15 0.25 0.25 0.4 0.4
0.462 0.118 1.224 0.15 0.15 0.25 0.25 0.4 0.4
0.461 0.119 1.225 0.15 0.15 0.25 0.25 0.4 0.4
0.461 0.119 1.226 0.15 0.15 0.25 0.25 0.4 0.4
0.46 0.12 1.227 0.15 0.15 0.25 0.25 0.4 0.4
0.46 0.12 1.228 0.15 0.15 0.25 0.25 0.4 0.4
0.46 0.12 1.229 0.15 0.15 0.25 0.25 0.4 0.4
0.459 0.121 1.229 0.15 0.15 0.25 0.25 0.4 0.4
0.459 0.121 1.23 0.15 0.15 0.25 0.25 0.4 0.4
0.459 0.121 1.231 0.15 0.15 0.25 0.25 0.4 0.4
0.458 0.122 1.232 0.15 0.15 0.25 0.25 0.4 0.4
0.458 0.122 1.233 0.15 0.15 0.25 0.25 0.4 0.4
0.457 0.123 1.234 0.15 0.15 0.25 0.25 0.4 0.4
0.457 0.123 1.234 0.15 0.15 0.25 0.25 0.4 0.4
0.457 0.123 1.235 0.15 0.15 0.25 0.25 0.4 0.4
0.456 0.124 1.236 0.15 0.15 0.25 0.25 0.4 0.4
0.456 0.124 1.237 0.15 0.15 0.25 0.25 0.4 0.4
0.456 0.124 1.238 0.15 0.15 0.25 0.25 0.4 0.4
0.455 0.125 1.239 0.15 0.15 0.25 0.25 0.4 0.4
0.455 0.125 1.24 0.15 0.15 0.25 0.25 0.4 0.4
0.454 0.126 1.24 0.15 0.15 0.25 0.25 0.4 0.4
0.454 0.126 1.241 0.15 0.15 0.25 0.25 0.4 0.4
0.454 0.126 1.242 0.15 0.15 0.25 0.25 0.4 0.4
0.453 0.127 1.243 0.15 0.15 0.25 0.25 0.4 0.4
0.453 0.127 1.244 0.15 0.15 0.25 0.25 0.4 0.4
0.452 0.128 1.245 0.15 0.15 0.25 0.25 0.4 0.4
0.452 0.128 1.245 0.15 0.15 0.25 0.25 0.4 0.4
0.452 0.128 1.246 0.15 0.15 0.25 0.25 0.4 0.4
0.451 0.129 1.247 0.15 0.15 0.25 0.25 0.4 0.4
0.451 0.129 1.248 0.15 0.15 0.25 0.25 0.4 0.4
0.451 0.129 1.249 0.15 0.15 0.25 0.25 0.4 0.4
0.45 0.13 1.25 0.15 0.15 0.25 0.25 0.4 0.4
0.45 0.13 1.25 0.15 0.15 0.25 0.25 0.4 0.4
0.449 0.131 1.251 0.15 0.15 0.25 0.25 0.4 0.4
0.449 0.131 1.252 0.15 0.15 0.25 0.25 0.4 0.4
0.449 0.131 1.253 0.15 0.15 0.25 0.25 0.4 0.4
0.448 0.132 1.254 0.15 0.15 0.25 0.25 0.4 0.4
0.448 0.132 1.255 0.15 0.15 0.25 0.25 0.4 0.4
0.448 0.133 1.256 0.15 0.15 0.25 0.25 0.4 0.4
0.447 0.133 1.256 0.15 0.15 0.25 0.25 0.4 0.4
0.447 0.133 1.257 0.15 0.15 0.25 0.25 0.4 0.4
0.446 0.134 1.258 0.15 0.15 0.25 0.25 0.4 0.4
0.446 0.134 1.259 0.15 0.15 0.25 0.25 0.4 0.4
0.446 0.134 1.26 0.15 0.15 0.25 0.25 0.4 0.4
0.445 0.135 1.261 0.15 0.15 0.25 0.25 0.4 0.4
0.445 0.135 1.261 0.15 0.15 0.25 0.25 0.4 0.4
0.444 0.136 1.262 0.15 0.15 0.25 0.25 0.4 0.4
0.444 0.136 1.263 0.15 0.15 0.25 0.25 0.4 0.4
0.444 0.136 1.264 0.15 0.15 0.25 0.25 0.4 0.4
0.443 0.137 1.265 0.15 0.15 0.25 0.25 0.4 0.4
0.443 0.137 1.266 0.15 0.15 0.25 0.25 0.4 0.4
0.443 0.137 1.266 0.15 0.15 0.25 0.25 0.4 0.4
0.442 0.138 1.267 0.15 0.15 0.25 0.25 0.4 0.4
0.442 0.138 1.268 0.15 0.15 0.25 0.25 0.4 0.4
0.441 0.139 1.269 0.15 0.15 0.25 0.25 0.4 0.4
0.441 0.139 1.27 0.15 0.15 0.25 0.25 0.4 0.4
0.441 0.139 1.271 0.15 0.15 0.25 0.25 0.4 0.4
0.44 0.14 1.271 0.15 0.15 0.25 0.25 0.4 0.4
0.44 0.14 1.272 0.15 0.15 0.25 0.25 0.4 0.4
0.439 0.141 1.273 0.15 0.15 0.25 0.25 0.4 0.4
0.439 0.141 1.274 0.15 0.15 0.25 0.25 0.4 0.4
0.439 0.141 1.275 0.15 0.15 0.25 0.25 0.4 0.4
0.438 0.142 1.276 0.15 0.15 0.25 0.25 0.4 0.4
0.438 0.142 1.277 0.15 0.15 0.25 0.25 0.4 0.4
0.438 0.142 1.277 0.15 0.15 0.25 0.25 0.4 0.4
0.437 0.143 1.278 0.15 0.15 0.25 0.25 0.4 0.4
0.437 0.143 1.279 0.15 0.15 0.25 0.25 0.4 0.4
0.436 0.144 1.28 0.15 0.15 0.25 0.25 0.4 0.4
0.436 0.144 1.281 0.15 0.15 0.25 0.25 0.4 0.4
0.436 0.144 1.282 0.15 0.15 0.25 0.25 0.4 0.4
0.435 0.145 1.282 0.15 0.15 0.25 0.25 0.4 0.4
0.435 0.145 1.283 0.15 0.15 0.25 0.25 0.4 0.4
0.435 0.145 1.284 0.15 0.15 0.25 0.25 0.4 0.4
0.434 0.146 1.285 0.15 0.15 0.25 0.25 0.4 0.4
0.434 0.146 1.286 0.15 0.15 0.25 0.25 0.4 0.4
0.433 0.147 1.287 0.15 0.15 0.25 0.25 0.4 0.4
0.433 0.147 1.287 0.15 0.15 0.25 0.25 0.4 0.4
0.433 0.147 1.288 0.15 0.15 0.25 0.25 0.4 0.4
0.432 0.148 1.289 0.15 0.15 0.25 0.25 0.4 0.4
0.432 0.148 1.29 0.15 0.15 0.25 0.25 0.4 0.4
0.431 0.149 1.291 0.15 0.15 0.25 0.25 0.4 0.4
0.431 0.149 1.292 0.15 0.15 0.25 0.25 0.4 0.4
0.431 0.149 1.292 0.15 0.15 0.25 0.25 0.4 0.4
0.43 0.15 1.293 0.15 0.15 0.25 0.25 0.4 0.4
0.43 0.15 1.294 0.15 0.15 0.25 0.25 0.4 0.4
0.43 0.15 1.295 0.15 0.15 0.25 0.25 0.4 0.4
0.429 0.151 1.296 0.15 0.15 0.25 0.25 0.4 0.4
0.429 0.151 1.297 0.15 0.15 0.25 0.25 0.4 0.4
0.428 0.152 1.298 0.15 0.15 0.25 0.25 0.4 0.4
0.428 0.152 1.298 0.15 0.15 0.25 0.25 0.4 0.4
0.428 0.152 1.299 0.15 0.15 0.25 0.25 0.4 0.4
0.427 0.153 1.3 0.15 0.15 0.25 0.25 0.4 0.4
0.427 0.153 1.301 0.15 0.15 0.25 0.25 0.4 0.4
0.427 0.153 1.302 0.15 0.15 0.25 0.25 0.4 0.4
0.426 0.154 1.303 0.15 0.15 0.25 0.25 0.4 0.4
0.426 0.154 1.303 0.15 0.15 0.25 0.25 0.4 0.4
0.425 0.155 1.304 0.15 0.15 0.25 0.25 0.4 0.4
0.425 0.155 1.305 0.15 0.15 0.25 0.25 0.4 0.4
0.425 0.155 1.306 0.15 0.15 0.25 0.25 0.4 0.4
0.424 0.156 1.307 0.15 0.15 0.25 0.25 0.4 0.4
0.424 0.156 1.308 0.15 0.15 0.25 0.25 0.4 0.4
0.423 0.157 1.308 0.15 0.15 0.25 0.25 0.4 0.4
0.423 0.157 1.309 0.15 0.15 0.25 0.25 0.4 0.4
0.423 0.157 1.31 0.15 0.15 0.25 0.25 0.4 0.4
0.422 0.158 1.311 0.15 0.15 0.25 0.25 0.4 0.4
0.422 0.158 1.312 0.15 0.15 0.25 0.25 0.4 0.4
0.422 0.158 1.313 0.15 0.15 0.25 0.25 0.4 0.4
0.421 0.159 1.314 0.15 0.15 0.25 0.25 0.4 0.4
0.421 0.159 1.314 0.15 0.15 0.25 0.25 0.4 0.4
0.42 0.16 1.315 0.15 0.15 0.25 0.25 0.4 0.4
0.42 0.16 1.316 0.15 0.15 0.25 0.25 0.4 0.4
0.42 0.16 1.317 0.15 0.15 0.25 0.25 0.4 0.4
0.419 0.161 1.318 0.15 0.15 0.25 0.25 0.4 0.4
0.419 0.161 1.319 0.15 0.15 0.25 0.25 0.4 0.4
0.419 0.161 1.319 0.15 0.15 0.25 0.25 0.4 0.4
0.418 0.162 1.32 0.15 0.15 0.25 0.25 0.4 0.4
0.418 0.162 1.321 0.15 0.15 0.25 0.25 0.4 0.4
0.417 0.163 1.322 0.15 0.15 0.25 0.25 0.4 0.4
0.417 0.163 1.323 0.15 0.15 0.25 0.25 0.4 0.4
0.417 0.163 1.324 0.15 0.15 0.25 0.25 0.4 0.4
0.416 0.164 1.324 0.15 0.15 0.25 0.25 0.4 0.4
0.416 0.164 1.325 0.15 0.15 0.25 0.25 0.4 0.4
0.415 0.165 1.326 0.15 0.15 0.25 0.25 0.4 0.4
0.415 0.165 1.327 0.15 0.15 0.25 0.25 0.4 0.4
0.415 0.165 1.328 0.15 0.15 0.25 0.25 0.4 0.4
0.414 0.166 1.329 0.15 0.15 0.25 0.25 0.4 0.4
0.414 0.166 1.329 0.15 0.15 0.25 0.25 0.4 0.4
0.414 0.166 1.33 0.15 0.15 0.25 0.25 0.4 0.4
0.413 0.167 1.331 0.15 0.15 0.25 0.25 0.4 0.4
0.413 0.167 1.332 0.15 0.15 0.25 0.25 0.4 0.4
0.412 0.168 1.333 0.15 0.15 0.25 0.25 0.4 0.4
0.412 0.168 1.334 0.15 0.15 0.25 0.25 0.4 0.4
0.412 0.168 1.335 0.15 0.15 0.25 0.25 0.4 0.4
0.411 0.169 1.335 0.15 0.15 0.25 0.25 0.4 0.4
0.411 0.169 1.336 0.15 0.15 0.25 0.25 0.4 0.4
0.41 0.17 1.337 0.15 0.15 0.25 0.25 0.4 0.4
0.41 0.17 1.338 0.15 0.15 0.25 0.25 0.4 0.4
0.41 0.17 1.339 0.15 0.15 0.25 0.25 0.4 0.4
0.409 0.171 1.34 0.15 0.15 0.25 0.25 0.4 0.4
0.409 0.171 1.34 0.15 0.15 0.25 0.25 0.4 0.4
0.409 0.171 1.341 0.15 0.15 0.25 0.25 0.4 0.4
0.408 0.172 1.342 0.15 0.15 0.25 0.25 0.4 0.4
0.408 0.172 1.343 0.15 0.15 0.25 0.25 0.4 0.4
0.407 0.173 1.344 0.15 0.15 0.25 0.25 0.4 0.4
0.407 0.173 1.345 0.15 0.15 0.25 0.25 0.4 0.4
0.407 0.173 1.345 0.15 0.15 0.25 0.25 0.4 0.4
0.406 0.174 1.346 0.15 0.15 0.25 0.25 0.4 0.4
0.406 0.174 1.347 0.15 0.15 0.25 0.25 0.4 0.4
0.406 0.174 1.348 0.15 0.15 0.25 0.25 0.4 0.4
0.405 0.175 1.349 0.15 0.15 0.25 0.25 0.4 0.4
0.405 0.175 1.35 0.15 0.15 0.25 0.25 0.4 0.4
0.404 0.176 1.351 0.15 0.15 0.25 0.25 0.4 0.4
0.404 0.176 1.351 0.15 0.15 0.25 0.25 0.4 0.4
0.404 0.176 1.352 0.15 0.15 0.25 0.25 0.4 0.4
0.403 0.177 1.353 0.15 0.15 0.25 0.25 0.4 0.4
0.403 0.177 1.354 0.15 0.15 0.25 0.25 0.4 0.4
0.402 0.178 1.355 0.15 0.15 0.25 0.25 0.4 0.4
0.402 0.178 1.356 0.15 0.15 0.25 0.25 0.4 0.4
0.402 0.178 1.356 0.15 0.15 0.25 0.25 0.4 0.4
0.401 0.179 1.357 0.15 0.15 0.25 0.25 0.4 0.4
0.401 0.179 1.358 0.15 0.15 0.25 0.25 0.4 0.4
0.401 0.179 1.359 0.15 0.15 0.25 0.25 0.4 0.4
0.4 0.18 1.36 0.15 0.15 0.25 0.25 0.4 0.4
0.4 0.18 1.361 0.15 0.15 0.25 0.25 0.4 0.4
0.399 0.181 1.361 0.15 0.15 0.25 0.25 0.4 0.4
0.399 0.181 1.362 0.15 0.15 0.25 0.25 0.4 0.4
0.399 0.181 1.363 0.15 0.15 0.25 0.25 0.4 0.4
0.398 0.182 1.364 0.15 0.15 0.25 0.25 0.4 0.4
0.398 0.182 1.365 0.15 0.15 0.25 0.25 0.4 0.4
0.398 0.182 1.366 0.15 0.15 0.25 0.25 0.4 0.4
0.397 0.183 1.366 0.15 0.15 0.25 0.25 0.4 0.4
0.397 0.183 1.367 0.15 0.15 0.25 0.25 0.4 0.4
0.396 0.184 1.368 0.15 0.15 0.25 0.25 0.4 0.4
0.396 0.184 1.369 0.15 0.15 0.25 0.25 0.4 0.4
0.396 0.184 1.37 0.15 0.15 0.25 0.25 0.4 0.4
0.395 0.185 1.371 0.15 0.15 0.25 0.25 0.4 0.4
0.395 0.185 1.371 0.15 0.15 0.25 0.25 0.4 0.4
0.394 0.185 1.372 0.15 0.15 0.25 0.25 0.4 0.4
0.394 0.185 1.373 0.15 0.15 0.25 0.25 0.4 0.4
0.393 0.186 1.374 0.15 0.15 0.25 0.25 0.4 0.4
0.393 0.186 1.375 0.15 0.15 0.25 0.25 0.4 0.4
0.392 0.186 1.376 0.15 0.15 0.25 0.25 0.4 0.4
0.392 0.186 1.376 0.15 0.15 0.25 0.25 0.4 0.4
0.391 0.187 1.377 0.15 0.15 0.25 0.25 0.4 0.4
0.391 0.187 1.378 0.15 0.15 0.25 0.25 0.4 0.4
0.39 0.187 1.379 0.15 0.15 0.25 0.25 0.4 0.4
0.39 0.188 1.38 0.15 0.15 0.25 0.25 0.4 0.4
0.389 0.188 1.381 0.15 0.15 0.25 0.25 0.4 0.4
0.389 0.188 1.381 0.15 0.15 0.25 0.25 0.4 0.4
0.388 0.188 1.382 0.15 0.15 0.25 0.25 0.4 0.4
0.388 0.189 1.383 0.15 0.15 0.25 0.25 0.4 0.4
0.387 0.189 1.384 0.15 0.15 0.25 0.25 0.4 0.4
0.387 0.189 1.385 0.15 0.15 0.25 0.25 0.4 0.4
0.386 0.189 1.385 0.15 0.15 0.25 0.25 0.4 0.4
0.386 0.19 1.386 0.15 0.15 0.25 0.25 0.4 0.4
0.385 0.19 1.387 0.15 0.15 0.25 0.25 0.4 0.4
0.385 0.19 1.388 0.15 0.15 0.25 0.25 0.4 0.4
0.384 0.19 1.389 0.15 0.15 0.25 0.25 0.4 0.4
0.384 0.191 1.39 0.15 0.15 0.25 0.25 0.4 0.4
0.383 0.191 1.39 0.15 0.15 0.25 0.25 0.4 0.4
0.383 0.191 1.391 0.15 0.15 0.25 0.25 0.4 0.4
0.382 0.192 1.392 0.15 0.15 0.25 0.25 0.4 0.4
0.382 0.192 1.393 0.15 0.15 0.25 0.25 0.4 0.4
0.381 0.192 1.394 0.15 0.15 0.25 0.25 0.4 0.4
0.381 0.192 1.395 0.15 0.15 0.25 0.25 0.4 0.4
0.38 0.193 1.395 0.15 0.15 0.25 0.25 0.4 0.4
0.38 0.193 1.396 0.15 0.15 0.25 0.25 0.4 0.4
0.379 0.193 1.397 0.15 0.15 0.25 0.25 0.4 0.4
0.379 0.193 1.398 0.15 0.15 0.25 0.25 0.4 0.4
0.378 0.194 1.399 0.15 0.15 0.25 0.25 0.4 0.4
0.378 0.194 1.399 0.15 0.15 0.25 0.25 0.4 0.4
0.377 0.194 1.4 0.15 0.15 0.25 0.25 0.4 0.4
0.377 0.195 1.401 0.15 0.15 0.25 0.25 0.4 0.4
0.376 0.195 1.402 0.15 0.15 0.25 0.25 0.4 0.4
0.376 0.195 1.403 0.15 0.15 0.25 0.25 0.4 0.4
0.375 0.195 1.404 0.15 0.15 0.25 0.25 0.4 0.4
0.375 0.196 1.404 0.15 0.15 0.25 0.25 0.4 0.4
0.374 0.196 1.405 0.15 0.15 0.25 0.25 0.4 0.4
0.374 0.196 1.406 0.15 0.15 0.25 0.25 0.4 0.4
0.373 0.196 1.407 0.15 0.15 0.25 0.25 0.4 0.4
0.373 0.197 1.408 0.15 0.15 0.25 0.25 0.4 0.4
0.372 0.197 1.409 0.15 0.15 0.25 0.25 0.4 0.4
0.372 0.197 1.409 0.15 0.15 0.25 0.25 0.4 0.4
0.371 0.197 1.41 0.15 0.15 0.25 0.25 0.4 0.4
0.371 0.198 1.411 0.15 0.15 0.25 0.25 0.4 0.4
0.37 0.198 1.412 0.15 0.15 0.25 0.25 0.4 0.4
0.37 0.198 1.413 0.15 0.15 0.25 0.25 0.4 0.4
0.369 0.199 1.413 0.15 0.15 0.25 0.25 0.4 0.4
0.369 0.199 1.414 0.15 0.15 0.25 0.25 0.4 0.4
0.368 0.199 1.415 0.15 0.15 0.25 0.25 0.4 0.4
0.368 0.199 1.416 0.15 0.15 0.25 0.25 0.4 0.4
0.367 0.2 1.417 0.15 0.15 0.25 0.25 0.4 0.4
0.367 0.2 1.418 0.15 0.15 0.25 0.25 0.4 0.4
0.366 0.2 1.418 0.15 0.15 0.25 0.25 0.4 0.4
0.366 0.2 1.419 0.15 0.15 0.25 0.25 0.4 0.4
0.365 0.201 1.42 0.15 0.15 0.25 0.25 0.4 0.4
0.365 0.201 1.421 0.15 0.15 0.25 0.25 0.4 0.4
0.364 0.201 1.422 0.15 0.15 0.25 0.25 0.4 0.4
0.364 0.202 1.423 0.15 0.15 0.25 0.25 0.4 0.4
0.363 0.202 1.423 0.15 0.15 0.25 0.25 0.4 0.4
0.363 0.202 1.424 0.15 0.15 0.25 0.25 0.4 0.4
0.362 0.202 1.425 0.15 0.15 0.25 0.25 0.4 0.4
0.362 0.203 1.426 0.15 0.15 0.25 0.25 0.4 0.4
0.361 0.203 1.427 0.15 0.15 0.25 0.25 0.4 0.4
0.361 0.203 1.427 0.15 0.15 0.25 0.25 0.4 0.4
0.36 0.203 1.428 0.15 0.15 0.25 0.25 0.4 0.4
0.36 0.204 1.429 0.15 0.15 0.25 0.25 0.4 0.4
0.359 0.204 1.43 0.15 0.15 0.25 0.25 0.4 0.4
0.359 0.204 1.431 0.15 0.15 0.25 0.25 0.4 0.4
0.358 0.204 1.432 0.15 0.15 0.25 0.25 0.4 0.4
0.358 0.205 1.432 0.15 0.15 0.25 0.25 0.4 0.4
0.357 0.205 1.433 0.15 0.15 0.25 0.25 0.4 0.4
0.357 0.205 1.434 0.15 0.15 0.25 0.25 0.4 0.4
0.356 0.206 1.435 0.15 0.15 0.25 0.25 0.4 0.4
0.356 0.206 1.436 0.15 0.15 0.25 0.25 0.4 0.4
0.356 0.206 1.437 0.15 0.15 0.25 0.25 0.4 0.4
0.355 0.206 1.437 0.15 0.15 0.25 0.25 0.4 0.4
0.355 0.207 1.438 0.15 0.15 0.25 0.25 0.4 0.4
0.354 0.207 1.439 0.15 0.15 0.25 0.25 0.4 0.4
0.354 0.207 1.44 0.15 0.15 0.25 0.25 0.4 0.4
0.353 0.207 1.441 0.15 0.15 0.25 0.25 0.4 0.4
0.353 0.208 1.441 0.15 0.15 0.25 0.25 0.4 0.4
0.352 0.208 1.442 0.15 0.15 0.25 0.25 0.4 0.4
0.352 0.208 1.443 0.15 0.15 0.25 0.25 0.4 0.4
0.351 0.209 1.444 0.15 0.15 0.25 0.25 0.4 0.4
0.351 0.209 1.445 0.15 0.15 0.25 0.25 0.4 0.4
0.35 0.209 1.446 0.15 0.15 0.25 0.25 0.4 0.4
0.35 0.209 1.446 0.15 0.15 0.25 0.25 0.4 0.4
0.349 0.21 1.447 0.15 0.15 0.25 0.25 0.4 0.4
0.349 0.21 1.448 0.15 0.15 0.25 0.25 0.4 0.4
0.348 0.21 1.449 0.15 0.15 0.25 0.25 0.4 0.4
0.348 0.21 1.45 0.15 0.15 0.25 0.25 0.4 0.4
0.347 0.211 1.451 0.15 0.15 0.25 0.25 0.4 0.4
0.347 0.211 1.451 0.15 0.15 0.25 0.25 0.4 0.4
0.346 0.211 1.452 0.15 0.15 0.25 0.25 0.4 0.4
0.346 0.211 1.453 0.15 0.15 0.25 0.25 0.4 0.4
0.345 0.212 1.454 0.15 0.15 0.25 0.25 0.4 0.4
0.345 0.212 1.455 0.15 0.15 0.25 0.25 0.4 0.4
0.344 0.212 1.455 0.15 0.15 0.25 0.25 0.4 0.4
0.344 0.213 1.456 0.15 0.15 0.25 0.25 0.4 0.4
0.343 0.213 1.457 0.15 0.15 0.25 0.25 0.4 0.4
0.343 0.213 1.458 0.15 0.15 0.25 0.25 0.4 0.4
0.342 0.213 1.459 0.15 0.15 0.25 0.25 0.4 0.4
0.342 0.214 1.46 0.15 0.15 0.25 0.25 0.4 0.4
0.341 0.214 1.46 0.15 0.15 0.25 0.25 0.4 0.4
0.341 0.214 1.461 0.15 0.15 0.25 0.25 0.4 0.4
0.34 0.214 1.462 0.15 0.15 0.25 0.25 0.4 0.4
0.34 0.215 1.463 0.15 0.15 0.25 0.25 0.4 0.4
0.339 0.215 1.464 0.15 0.15 0.25 0.25 0.4 0.4
0.339 0.215 1.465 0.15 0.15 0.25 0.25 0.4 0.4
0.338 0.216 1.465 0.15 0.15 0.25 0.25 0.4 0.4
0.338 0.216 1.466 0.15 0.15 0.25 0.25 0.4 0.4
0.337 0.216 1.467 0.15 0.15 0.25 0.25 0.4 0.4
0.337 0.216 1.468 0.15 0.15 0.25 0.25 0.4 0.4
0.336 0.217 1.469 0.15 0.15 0.25 0.25 0.4 0.4
0.336 0.217 1.469 0.15 0.15 0.25 0.25 0.4 0.4
0.335 0.217 1.47 0.15 0.15 0.25 0.25 0.4 0.4
0.335 0.217 1.471 0.15 0.15 0.25 0.25 0.4 0.4
0.334 0.218 1.472 0.15 0.15 0.25 0.25 0.4 0.4
0.334 0.218 1.473 0.15 0.15 0.25 0.25 0.4 0.4
0.333 0.218 1.474 0.15 0.15 0.25 0.25 0.4 0.4
0.333 0.218 1.474 0.15 0.15 0.25 0.25 0.4 0.4
0.332 0.219 1.475 0.15 0.15 0.25 0.25 0.4 0.4
0.332 0.219 1.476 0.15 0.15 0.25 0.25 0.4 0.4
0.331 0.219 1.477 0.15 0.15 0.25 0.25 0.4 0.4
0.331 0.22 1.478 0.15 0.15 0.25 0.25 0.4 0.4
0.33 0.22 1.479 0.15 0.15 0.25 0.25 0.4 0.4
0.33 0.22 1.479 0.15 0.15 0.25 0.25 0.4 0.4
0.329 0.22 1.48 0.15 0.15 0.25 0.25 0.4 0.4
0.329 0.221 1.481 0.15 0.15 0.25 0.25 0.4 0.4
0.328 0.221 1.482 0.15 0.15 0.25 0.25 0.4 0.4
0.328 0.221 1.483 0.15 0.15 0.25 0.25 0.4 0.4
0.327 0.221 1.483 0.15 0.15 0.25 0.25 0.4 0.4
0.327 0.222 1.484 0.15 0.15 0.25 0.25 0.4 0.4
0.326 0.222 1.485 0.15 0.15 0.25 0.25 0.4 0.4
0.326 0.222 1.486 0.15 0.15 0.25 0.25 0.4 0.4
0.325 0.223 1.487 0.15 0.15 0.25 0.25 0.4 0.4
0.325 0.223 1.488 0.15 0.15 0.25 0.25 0.4 0.4
0.324 0.223 1.488 0.15 0.15 0.25 0.25 0.4 0.4
0.324 0.223 1.489 0.15 0.15 0.25 0.25 0.4 0.4
0.323 0.224 1.49 0.15 0.15 0.25 0.25 0.4 0.4
0.323 0.224 1.491 0.15 0.15 0.25 0.25 0.4 0.4
0.322 0.224 1.492 0.15 0.15 0.25 0.25 0.4 0.4
0.322 0.224 1.493 0.15 0.15 0.25 0.25 0.4 0.4
0.321 0.225 1.493 0.15 0.15 0.25 0.25 0.4 0.4
0.321 0.225 1.494 0.15 0.15 0.25 0.25 0.4 0.4
0.32 0.225 1.495 0.15 0.15 0.25 0.25 0.4 0.4
0.32 0.225 1.496 0.15 0.15 0.25 0.25 0.4 0.4
0.319 0.226 1.497 0.15 0.15 0.25 0.25 0.4 0.4
0.319 0.226 1.497 0.15 0.15 0.25 0.25 0.4 0.4
0.318 0.226 1.498 0.15 0.15 0.25 0.25 0.4 0.4
0.318 0.227 1.499 0.15 0.15 0.25 0.25 0.4 0.4
0.317 0.227 1.5 0.15 0.15 0.25 0.25 0.4 0.4
0.317 0.227 1.501 0.15 0.15 0.25 0.25 0.4 0.4
0.316 0.227 1.502 0.15 0.15 0.25 0.25 0.4 0.4
0.316 0.228 1.502 0.15 0.15 0.25 0.25 0.4 0.4
0.315 0.228 1.503 0.15 0.15 0.25 0.25 0.4 0.4
0.315 0.228 1.504 0.15 0.15 0.25 0.25 0.4 0.4
0.315 0.228 1.505 0.15 0.15 0.25 0.25 0.4 0.4
0.314 0.229 1.506 0.15 0.15 0.25 0.25 0.4 0.4
0.314 0.229 1.507 0.15 0.15 0.25 0.25 0.4 0.4
0.313 0.229 1.507 0.15 0.15 0.25 0.25 0.4 0.4
0.313 0.23 1.508 0.15 0.15 0.25 0.25 0.4 0.4
0.312 0.23 1.509 0.15 0.15 0.25 0.25 0.4 0.4
0.312 0.23 1.51 0.15 0.15 0.25 0.25 0.4 0.4
0.311 0.23 1.511 0.15 0.15 0.25 0.25 0.4 0.4
0.311 0.231 1.511 0.15 0.15 0.25 0.25 0.4 0.4
0.31 0.231 1.512 0.15 0.15 0.25 0.25 0.4 0.4
0.31 0.231 1.513 0.15 0.15 0.25 0.25 0.4 0.4
0.309 0.231 1.514 0.15 0.15 0.25 0.25 0.4 0.4
0.309 0.232 1.515 0.15 0.15 0.25 0.25 0.4 0.4
0.308 0.232 1.516 0.15 0.15 0.25 0.25 0.4 0.4
0.308 0.232 1.516 0.15 0.15 0.25 0.25 0.4 0.4
0.307 0.232 1.517 0.15 0.15 0.25 0.25 0.4 0.4
0.307 0.233 1.518 0.15 0.15 0.25 0.25 0.4 0.4
0.306 0.233 1.519 0.15 0.15 0.25 0.25 0.4 0.4
0.306 0.233 1.52 0.15 0.15 0.25 0.25 0.4 0.4
0.305 0.234 1.521 0.15 0.15 0.25 0.25 0.4 0.4
0.305 0.234 1.521 0.15 0.15 0.25 0.25 0.4 0.4
0.304 0.234 1.522 0.15 0.15 0.25 0.25 0.4 0.4
0.304 0.234 1.523 0.15 0.15 0.25 0.25 0.4 0.4
0.303 0.235 1.524 0.15 0.15 0.25 0.25 0.4 0.4
0.303 0.235 1.525 0.15 0.15 0.25 0.25 0.4 0.4
0.302 0.235 1.525 0.15 0.15 0.25 0.25 0.4 0.4
0.302 0.235 1.526 0.15 0.15 0.25 0.25 0.4 0.4
0.301 0.236 1.527 0.15 0.15 0.25 0.25 0.4 0.4
0.301 0.236 1.528 0.15 0.15 0.25 0.25 0.4 0.4
0.3 0.236 1.529 0.15 0.15 0.25 0.25 0.4 0.4
0.3 0.237 1.53 0.15 0.15 0.25 0.25 0.4 0.4
0.299 0.237 1.53 0.15 0.15 0.25 0.25 0.4 0.4
0.299 0.237 1.531 0.15 0.15 0.25 0.25 0.4 0.4
0.298 0.237 1.532 0.15 0.15 0.25 0.25 0.4 0.4
0.298 0.238 1.533 0.15 0.15 0.25 0.25 0.4 0.4
0.297 0.238 1.534 0.15 0.15 0.25 0.25 0.4 0.4
0.297 0.238 1.535 0.15 0.15 0.25 0.25 0.4 0.4
0.296 0.238 1.535 0.15 0.15 0.25 0.25 0.4 0.4
0.296 0.239 1.536 0.15 0.15 0.25 0.25 0.4 0.4
0.295 0.239 1.537 0.15 0.15 0.25 0.25 0.4 0.4
0.295 0.239 1.538 0.15 0.15 0.25 0.25 0.4 0.4
0.294 0.239 1.539 0.15 0.15 0.25 0.25 0.4 0.4
0.294 0.24 1.539 0.15 0.15 0.25 0.25 0.4 0.4
0.293 0.24 1.54 0.15 0.15 0.25 0.25 0.4 0.4
0.293 0.24 1.541 0.15 0.15 0.25 0.25 0.4 0.4
0.292 0.241 1.542 0.15 0.15 0.25 0.25 0.4 0.4
0.292 0.241 1.543 0.15 0.15 0.25 0.25 0.4 0.4
0.291 0.241 1.544 0.15 0.15 0.25 0.25 0.4 0.4
0.291 0.241 1.544 0.15 0.15 0.25 0.25 0.4 0.4
0.29 0.242 1.545 0.15 0.15 0.25 0.25 0.4 0.4
0.29 0.242 1.546 0.15 0.15 0.25 0.25 0.4 0.4
0.289 0.242 1.547 0.15 0.15 0.25 0.25 0.4 0.4
0.289 0.242 1.548 0.15 0.15 0.25 0.25 0.4 0.4
0.288 0.243 1.549 0.15 0.15 0.25 0.25 0.4 0.4
0.288 0.243 1.549 0.15 0.15 0.25 0.25 0.4 0.4
0.287 0.243 1.55 0.15 0.15 0.25 0.25 0.4 0.4
0.287 0.244 1.551 0.15 0.15 0.25 0.25 0.4 0.4
0.286 0.244 1.552 0.15 0.15 0.25 0.25 0.4 0.4
0.286 0.244 1.553 0.15 0.15 0.25 0.25 0.4 0.4
0.285 0.244 1.553 0.15 0.15 0.25 0.25 0.4 0.4
0.285 0.245 1.554 0.15 0.15 0.25 0.25 0.4 0.4
0.284 0.245 1.555 0.15 0.15 0.25 0.25 0.4 0.4
0.284 0.245 1.556 0.15 0.15 0.25 0.25 0.4 0.4
0.283 0.245 1.557 0.15 0.15 0.25 0.25 0.4 0.4
0.283 0.246 1.558 0.15 0.15 0.25 0.25 0.4 0.4
0.282 0.246 1.558 0.15 0.15 0.25 0.25 0.4 0.4
0.282 0.246 1.559 0.15 0.15 0.25 0.25 0.4 0.4
0.281 0.246 1.56 0.15 0.15 0.25 0.25 0.4 0.4
0.281 0.247 1.561 0.15 0.15 0.25 0.25 0.4 0.4
0.28 0.247 1.562 0.15 0.15 0.25 0.25 0.4 0.4
0.28 0.247 1.563 0.15 0.15 0.25 0.25 0.4 0.4
0.279 0.248 1.563 0.15 0.15 0.25 0.25 0.4 0.4
0.279 0.248 1.564 0.15 0.15 0.25 0.25 0.4 0.4
0.278 0.248 1.565 0.15 0.15 0.25 0.25 0.4 0.4
0.278 0.248 1.566 0.15 0.15 0.25 0.25 0.4 0.4
0.277 0.249 1.567 0.15 0.15 0.25 0.25 0.4 0.4
0.277 0.249 1.568 0.15 0.15 0.25 0.25 0.4 0.4
0.276 0.249 1.568 0.15 0.15 0.25 0.25 0.4 0.4
0.276 0.249 1.569 0.15 0.15 0.25 0.25 0.4 0.4
0.275 0.25 1.57 0.15 0.15 0.25 0.25 0.4 0.4
